,Nfpts,forwardStep,forwardN,func,prediction
0,1000,1e-05,50,pade4_2,208917.6378877523
1,1000,1e-05,50,pade5_3,226268.93662347313
2,1000,1e-05,50,pade6_4,208922.89136939263
3,1000,1e-05,500,pade4_2,3741487352721.23
4,1000,1e-05,500,pade5_3,321219.3989739437
5,1000,1e-05,500,pade6_4,249024.4079637963
6,1000,1e-05,5000,pade4_2,265236.060453754
7,1000,1e-05,5000,pade5_3,1131279359319342.2
8,1000,1e-05,5000,pade6_4,3280406816377737.5
9,1000,0.0001,50,pade4_2,1512863721.7563891
10,1000,0.0001,50,pade5_3,159575123993087.28
11,1000,0.0001,50,pade6_4,438710.62381335016
12,1000,0.0001,500,pade4_2,514436.1901025473
13,1000,0.0001,500,pade5_3,10991829381879.668
14,1000,0.0001,500,pade6_4,868648.8784930303
15,1000,0.0001,5000,pade4_2,575236.599042762
16,1000,0.0001,5000,pade5_3,2155130956.3604836
17,1000,0.0001,5000,pade6_4,285611794549572.94
18,1000,0.001,50,pade4_2,160286.3242699237
19,1000,0.001,50,pade5_3,156825.07032408266
20,1000,0.001,50,pade6_4,156147.49162329154
21,1000,0.001,500,pade4_2,1.6506548711324195e+20
22,1000,0.001,500,pade5_3,167262.8326619633
23,1000,0.001,500,pade6_4,7.523392968754839e+24
24,1000,0.001,5000,pade4_2,203994.5863275416
25,1000,0.001,5000,pade5_3,8.273816937859087e+22
26,1000,0.001,5000,pade6_4,219462.91457709376
27,5000,1e-05,50,pade4_2,197926.03353041087
28,5000,1e-05,50,pade5_3,7.622691314848195e+16
29,5000,1e-05,50,pade6_4,215806.6812720572
30,5000,1e-05,500,pade4_2,167159100274.19272
31,5000,1e-05,500,pade5_3,300824475.03935045
32,5000,1e-05,500,pade6_4,3.113641128512986e+22
33,5000,1e-05,5000,pade4_2,179943656568.3807
34,5000,1e-05,5000,pade5_3,81997937.654602
35,5000,1e-05,5000,pade6_4,359456772292.6698
36,5000,0.0001,50,pade4_2,4229521965.5041804
37,5000,0.0001,50,pade5_3,31552041.568538707
38,5000,0.0001,50,pade6_4,194405772.89458743
39,5000,0.0001,500,pade4_2,792075088190071.5
40,5000,0.0001,500,pade5_3,2511391235266.031
41,5000,0.0001,500,pade6_4,57247465630.35761
42,5000,0.0001,5000,pade4_2,6513701145.754893
43,5000,0.0001,5000,pade5_3,2235198353265.7383
44,5000,0.0001,5000,pade6_4,1059191192893161.2
45,5000,0.001,50,pade4_2,163066.81733711087
46,5000,0.001,50,pade5_3,161872.92841757092
47,5000,0.001,50,pade6_4,164155.65506105588
48,5000,0.001,500,pade4_2,1.1697268843250188e+16
49,5000,0.001,500,pade5_3,159791.88111471472
50,5000,0.001,500,pade6_4,3.597203907936711e+20
51,5000,0.001,5000,pade4_2,2.0847586262111604e+29
52,5000,0.001,5000,pade5_3,5.18172531342434e+26
53,5000,0.001,5000,pade6_4,9.067375330407705e+21
54,10000,1e-05,50,pade4_2,206622.70960985112
55,10000,1e-05,50,pade5_3,207750.44059632687
56,10000,1e-05,50,pade6_4,224081.99883989347
57,10000,1e-05,500,pade4_2,207554.35297504754
58,10000,1e-05,500,pade5_3,5.539928491035743e+33
59,10000,1e-05,500,pade6_4,1540956624430.2458
60,10000,1e-05,5000,pade4_2,192068788783.06757
61,10000,1e-05,5000,pade5_3,2.1634254803386301e+18
62,10000,1e-05,5000,pade6_4,506289853620.4092
63,10000,0.0001,50,pade4_2,162484.67669979524
64,10000,0.0001,50,pade5_3,4720465.243593116
65,10000,0.0001,50,pade6_4,749167.510871957
66,10000,0.0001,500,pade4_2,129420049.21057634
67,10000,0.0001,500,pade5_3,986753.3504334738
68,10000,0.0001,500,pade6_4,1032952.4922598846
69,10000,0.0001,5000,pade4_2,348932303.9908309
70,10000,0.0001,5000,pade5_3,3222275523.9623604
71,10000,0.0001,5000,pade6_4,728177.7187180924
72,10000,0.001,50,pade4_2,106830523063.67213
73,10000,0.001,50,pade5_3,177086.80379461256
74,10000,0.001,50,pade6_4,151985.089357315
75,10000,0.001,500,pade4_2,11274580586834.984
76,10000,0.001,500,pade5_3,3.407219195412092e+24
77,10000,0.001,500,pade6_4,144334861427785.8
78,10000,0.001,5000,pade4_2,164441.21215963477
79,10000,0.001,5000,pade5_3,1.3232284762595193e+30
80,10000,0.001,5000,pade6_4,161330.341961313
