,Nfpts,stepSize,forwardStep,forwardN,func,prediction
0,1000,5e-08,1e-05,50,pade4_2,112954.5767209941
1,1000,5e-08,1e-05,50,pade5_3,112865.53521973162
2,1000,5e-08,1e-05,50,pade6_4,112879.58653512262
3,1000,5e-08,1e-05,500,pade4_2,113728.01577715146
4,1000,5e-08,1e-05,500,pade5_3,113648.59645108393
5,1000,5e-08,1e-05,500,pade6_4,113686.40966102276
6,1000,5e-08,1e-05,5000,pade4_2,115747.94010508305
7,1000,5e-08,1e-05,5000,pade5_3,116693.2068109484
8,1000,5e-08,1e-05,5000,pade6_4,115507.99711888182
9,1000,5e-08,0.0001,50,pade4_2,106049.55648013556
10,1000,5e-08,0.0001,50,pade5_3,105902.44079832608
11,1000,5e-08,0.0001,50,pade6_4,106145.3554580509
12,1000,5e-08,0.0001,500,pade4_2,109078.23701609478
13,1000,5e-08,0.0001,500,pade5_3,108061.2328453695
14,1000,5e-08,0.0001,500,pade6_4,111281.69620646878
15,1000,5e-08,0.0001,5000,pade4_2,106403.11565552335
16,1000,5e-08,0.0001,5000,pade5_3,106419.02891161265
17,1000,5e-08,0.0001,5000,pade6_4,106499.69701012863
18,1000,5e-08,0.001,50,pade4_2,110626.70274645863
19,1000,5e-08,0.001,50,pade5_3,105245.63605074548
20,1000,5e-08,0.001,50,pade6_4,104322.29332550369
21,1000,5e-08,0.001,500,pade4_2,124437.97011973443
22,1000,5e-08,0.001,500,pade5_3,111402.83381111342
23,1000,5e-08,0.001,500,pade6_4,111485.6770349645
24,1000,5e-08,0.001,5000,pade4_2,129202.4334592181
25,1000,5e-08,0.001,5000,pade5_3,110560.88894962054
26,1000,5e-08,0.001,5000,pade6_4,116392.1001501613
27,1000,5e-07,1e-05,50,pade4_2,113323.44303411125
28,1000,5e-07,1e-05,50,pade5_3,113716.05843968922
29,1000,5e-07,1e-05,50,pade6_4,113272.37425377703
30,1000,5e-07,1e-05,500,pade4_2,113620.90392542252
31,1000,5e-07,1e-05,500,pade5_3,114133.27463169947
32,1000,5e-07,1e-05,500,pade6_4,113478.47026876583
33,1000,5e-07,1e-05,5000,pade4_2,113654.45301429732
34,1000,5e-07,1e-05,5000,pade5_3,113907.98878174015
35,1000,5e-07,1e-05,5000,pade6_4,119080.39662736384
36,1000,5e-07,0.0001,50,pade4_2,106254.66343633043
37,1000,5e-07,0.0001,50,pade5_3,105773.21180964542
38,1000,5e-07,0.0001,50,pade6_4,105545.07321101186
39,1000,5e-07,0.0001,500,pade4_2,106405.52037625418
40,1000,5e-07,0.0001,500,pade5_3,106393.58132600406
41,1000,5e-07,0.0001,500,pade6_4,109162.30697617789
42,1000,5e-07,0.0001,5000,pade4_2,105879.58701742312
43,1000,5e-07,0.0001,5000,pade5_3,105878.28078861258
44,1000,5e-07,0.0001,5000,pade6_4,105897.00957230588
45,1000,5e-07,0.001,50,pade4_2,115293.27711099345
46,1000,5e-07,0.001,50,pade5_3,108281.77595584815
47,1000,5e-07,0.001,50,pade6_4,108573.4678947791
48,1000,5e-07,0.001,500,pade4_2,127736.39115111507
49,1000,5e-07,0.001,500,pade5_3,109832.7165728813
50,1000,5e-07,0.001,500,pade6_4,113766.60234513997
51,1000,5e-07,0.001,5000,pade4_2,126753.96940451271
52,1000,5e-07,0.001,5000,pade5_3,109675.13890878967
53,1000,5e-07,0.001,5000,pade6_4,105845.92701628998
54,1000,5e-06,1e-05,50,pade4_2,115297.60819849872
55,1000,5e-06,1e-05,50,pade5_3,113043.84993315005
56,1000,5e-06,1e-05,50,pade6_4,113303.42997676991
57,1000,5e-06,1e-05,500,pade4_2,113098.28909021459
58,1000,5e-06,1e-05,500,pade5_3,113568.76058951645
59,1000,5e-06,1e-05,500,pade6_4,113614.54451368666
60,1000,5e-06,1e-05,5000,pade4_2,117255.7786554214
61,1000,5e-06,1e-05,5000,pade5_3,117799.04465342795
62,1000,5e-06,1e-05,5000,pade6_4,113464.64288350401
63,1000,5e-06,0.0001,50,pade4_2,105887.92124831218
64,1000,5e-06,0.0001,50,pade5_3,105893.76772775465
65,1000,5e-06,0.0001,50,pade6_4,105877.7331874942
66,1000,5e-06,0.0001,500,pade4_2,105896.10353170223
67,1000,5e-06,0.0001,500,pade5_3,105780.1886707883
68,1000,5e-06,0.0001,500,pade6_4,112694.69799411808
69,1000,5e-06,0.0001,5000,pade4_2,112230.31449513117
70,1000,5e-06,0.0001,5000,pade5_3,105707.25913322475
71,1000,5e-06,0.0001,5000,pade6_4,105693.54155705516
72,1000,5e-06,0.001,50,pade4_2,113128.45719699046
73,1000,5e-06,0.001,50,pade5_3,121349.46314738315
74,1000,5e-06,0.001,50,pade6_4,114201.16553670006
75,1000,5e-06,0.001,500,pade4_2,122043.48850659849
76,1000,5e-06,0.001,500,pade5_3,122126.1697095024
77,1000,5e-06,0.001,500,pade6_4,106559.29583564043
78,1000,5e-06,0.001,5000,pade4_2,120624.96715262643
79,1000,5e-06,0.001,5000,pade5_3,123259.67942535905
80,1000,5e-06,0.001,5000,pade6_4,114475.71582318153
81,5000,5e-08,1e-05,50,pade4_2,116660.2170876747
82,5000,5e-08,1e-05,50,pade5_3,118054.42853116222
83,5000,5e-08,1e-05,50,pade6_4,118976.60850465226
84,5000,5e-08,1e-05,500,pade4_2,120545.42909321551
85,5000,5e-08,1e-05,500,pade5_3,122479.43659298301
86,5000,5e-08,1e-05,500,pade6_4,123223.67955459245
87,5000,5e-08,1e-05,5000,pade4_2,127150.29568452394
88,5000,5e-08,1e-05,5000,pade5_3,127435.91509477531
89,5000,5e-08,1e-05,5000,pade6_4,126744.41173845394
90,5000,5e-08,0.0001,50,pade4_2,140061.83339719888
91,5000,5e-08,0.0001,50,pade5_3,135547.61849713794
92,5000,5e-08,0.0001,50,pade6_4,482583.7978092509
93,5000,5e-08,0.0001,500,pade4_2,427045.4394179644
94,5000,5e-08,0.0001,500,pade5_3,236829.52454232986
95,5000,5e-08,0.0001,500,pade6_4,287746.02817990555
96,5000,5e-08,0.0001,5000,pade4_2,297936.32529106416
97,5000,5e-08,0.0001,5000,pade5_3,414708.2041458569
98,5000,5e-08,0.0001,5000,pade6_4,304716.02173179935
99,5000,5e-08,0.001,50,pade4_2,105450.21437685587
100,5000,5e-08,0.001,50,pade5_3,99755.88374230398
101,5000,5e-08,0.001,50,pade6_4,97477.6993343849
102,5000,5e-08,0.001,500,pade4_2,200295.046549036
103,5000,5e-08,0.001,500,pade5_3,111623.7827949119
104,5000,5e-08,0.001,500,pade6_4,105751.1086121235
105,5000,5e-08,0.001,5000,pade4_2,247089.12485982673
106,5000,5e-08,0.001,5000,pade5_3,113725.42686034096
107,5000,5e-08,0.001,5000,pade6_4,117996.34684615882
108,5000,5e-07,1e-05,50,pade4_2,117230.66633779054
109,5000,5e-07,1e-05,50,pade5_3,115938.79068018297
110,5000,5e-07,1e-05,50,pade6_4,115724.63370793854
111,5000,5e-07,1e-05,500,pade4_2,120397.9181259295
112,5000,5e-07,1e-05,500,pade5_3,120001.24782864763
113,5000,5e-07,1e-05,500,pade6_4,122399.84879025829
114,5000,5e-07,1e-05,5000,pade4_2,119830.96035907499
115,5000,5e-07,1e-05,5000,pade5_3,127595.59673606938
116,5000,5e-07,1e-05,5000,pade6_4,135666.85187850177
117,5000,5e-07,0.0001,50,pade4_2,295989.2913221833
118,5000,5e-07,0.0001,50,pade5_3,161113.5232864958
119,5000,5e-07,0.0001,50,pade6_4,1376842.653630569
120,5000,5e-07,0.0001,500,pade4_2,276402.20747071784
121,5000,5e-07,0.0001,500,pade5_3,512834.75241381756
122,5000,5e-07,0.0001,500,pade6_4,270097.6967456034
123,5000,5e-07,0.0001,5000,pade4_2,338333.3388846041
124,5000,5e-07,0.0001,5000,pade5_3,306676.12694676156
125,5000,5e-07,0.0001,5000,pade6_4,286463.02494209516
126,5000,5e-07,0.001,50,pade4_2,126752.03626289868
127,5000,5e-07,0.001,50,pade5_3,114276.97066818399
128,5000,5e-07,0.001,50,pade6_4,121502.4105301538
129,5000,5e-07,0.001,500,pade4_2,255489.8466878863
130,5000,5e-07,0.001,500,pade5_3,112291.46479902207
131,5000,5e-07,0.001,500,pade6_4,118647.81328801117
132,5000,5e-07,0.001,5000,pade4_2,216940.58994313783
133,5000,5e-07,0.001,5000,pade5_3,113156.98892514865
134,5000,5e-07,0.001,5000,pade6_4,162083.58409043867
135,5000,5e-06,1e-05,50,pade4_2,116287.81505500322
136,5000,5e-06,1e-05,50,pade5_3,124851.47040619342
137,5000,5e-06,1e-05,50,pade6_4,117811.57587039753
138,5000,5e-06,1e-05,500,pade4_2,126624.05324387015
139,5000,5e-06,1e-05,500,pade5_3,124980.18699889258
140,5000,5e-06,1e-05,500,pade6_4,128878.810424305
141,5000,5e-06,1e-05,5000,pade4_2,115446.50556931124
142,5000,5e-06,1e-05,5000,pade5_3,125003.5901663026
143,5000,5e-06,1e-05,5000,pade6_4,139009.67540240212
144,5000,5e-06,0.0001,50,pade4_2,214440.97432086442
145,5000,5e-06,0.0001,50,pade5_3,199035.72276299822
146,5000,5e-06,0.0001,50,pade6_4,191368.25532941258
147,5000,5e-06,0.0001,500,pade4_2,178643.14215731135
148,5000,5e-06,0.0001,500,pade5_3,425939.2883932798
149,5000,5e-06,0.0001,500,pade6_4,1160803324.5184982
150,5000,5e-06,0.0001,5000,pade4_2,227859.56414085053
151,5000,5e-06,0.0001,5000,pade5_3,472903.9030572308
152,5000,5e-06,0.0001,5000,pade6_4,176184.30843320195
153,5000,5e-06,0.001,50,pade4_2,133619.16946494303
154,5000,5e-06,0.001,50,pade5_3,107373.49172392268
155,5000,5e-06,0.001,50,pade6_4,228633.65926219727
156,5000,5e-06,0.001,500,pade4_2,208600.52990574724
157,5000,5e-06,0.001,500,pade5_3,103453.66147172643
158,5000,5e-06,0.001,500,pade6_4,103626.93257732464
159,5000,5e-06,0.001,5000,pade4_2,231614.41982142846
160,5000,5e-06,0.001,5000,pade5_3,97925.7281437334
161,5000,5e-06,0.001,5000,pade6_4,98551.59757012216
162,10000,5e-08,1e-05,50,pade4_2,117263.76665690636
163,10000,5e-08,1e-05,50,pade5_3,118719.4163878913
164,10000,5e-08,1e-05,50,pade6_4,120923.55677424035
165,10000,5e-08,1e-05,500,pade4_2,121771.33459801387
166,10000,5e-08,1e-05,500,pade5_3,123061.7689941198
167,10000,5e-08,1e-05,500,pade6_4,125621.55919321674
168,10000,5e-08,1e-05,5000,pade4_2,128934.38139147498
169,10000,5e-08,1e-05,5000,pade5_3,130956.99214270803
170,10000,5e-08,1e-05,5000,pade6_4,132641.6319269979
171,10000,5e-08,0.0001,50,pade4_2,167781.27679519868
172,10000,5e-08,0.0001,50,pade5_3,146487.62666233772
173,10000,5e-08,0.0001,50,pade6_4,141885.09587927462
174,10000,5e-08,0.0001,500,pade4_2,258707.5356402191
175,10000,5e-08,0.0001,500,pade5_3,270075.5092709773
176,10000,5e-08,0.0001,500,pade6_4,215202.2790319858
177,10000,5e-08,0.0001,5000,pade4_2,232720.14299431193
178,10000,5e-08,0.0001,5000,pade5_3,269133.3086188309
179,10000,5e-08,0.0001,5000,pade6_4,275411.5723020596
180,10000,5e-08,0.001,50,pade4_2,119543.45897088452
181,10000,5e-08,0.001,50,pade5_3,100711.20335946474
182,10000,5e-08,0.001,50,pade6_4,104828.6325291151
183,10000,5e-08,0.001,500,pade4_2,172352.29786837188
184,10000,5e-08,0.001,500,pade5_3,115596.41291359982
185,10000,5e-08,0.001,500,pade6_4,117364.48971423833
186,10000,5e-08,0.001,5000,pade4_2,189070.04866443243
187,10000,5e-08,0.001,5000,pade5_3,112153.1842798796
188,10000,5e-08,0.001,5000,pade6_4,130655.07946923275
189,10000,5e-07,1e-05,50,pade4_2,118833.99004089586
190,10000,5e-07,1e-05,50,pade5_3,120283.69343978797
191,10000,5e-07,1e-05,50,pade6_4,118098.35707451915
192,10000,5e-07,1e-05,500,pade4_2,123269.1722394064
193,10000,5e-07,1e-05,500,pade5_3,121105.0345180356
194,10000,5e-07,1e-05,500,pade6_4,120667.28861748277
195,10000,5e-07,1e-05,5000,pade4_2,128338.96707291187
196,10000,5e-07,1e-05,5000,pade5_3,130798.88560126013
197,10000,5e-07,1e-05,5000,pade6_4,132323.28459096732
198,10000,5e-07,0.0001,50,pade4_2,123345.41414133157
199,10000,5e-07,0.0001,50,pade5_3,143262.27840109705
200,10000,5e-07,0.0001,50,pade6_4,142205.02998000587
201,10000,5e-07,0.0001,500,pade4_2,353063.14950416994
202,10000,5e-07,0.0001,500,pade5_3,254898.57252961228
203,10000,5e-07,0.0001,500,pade6_4,302333.10653918725
204,10000,5e-07,0.0001,5000,pade4_2,369552.5540723523
205,10000,5e-07,0.0001,5000,pade5_3,193614.83911049334
206,10000,5e-07,0.0001,5000,pade6_4,241871.9454600165
207,10000,5e-07,0.001,50,pade4_2,133604.95454517813
208,10000,5e-07,0.001,50,pade5_3,116723.08440850265
209,10000,5e-07,0.001,50,pade6_4,125604.69827532489
210,10000,5e-07,0.001,500,pade4_2,196907.79891339826
211,10000,5e-07,0.001,500,pade5_3,116799.80903356252
212,10000,5e-07,0.001,500,pade6_4,126184.14305076002
213,10000,5e-07,0.001,5000,pade4_2,188009.52236123936
214,10000,5e-07,0.001,5000,pade5_3,112381.64771505659
215,10000,5e-07,0.001,5000,pade6_4,160435.97083825833
216,10000,5e-06,1e-05,50,pade4_2,119909.65174453385
217,10000,5e-06,1e-05,50,pade5_3,118066.82058830968
218,10000,5e-06,1e-05,50,pade6_4,119877.15959872337
219,10000,5e-06,1e-05,500,pade4_2,131441.01833458658
220,10000,5e-06,1e-05,500,pade5_3,122530.78023264055
221,10000,5e-06,1e-05,500,pade6_4,123959.70864459412
222,10000,5e-06,1e-05,5000,pade4_2,117377.46768280637
223,10000,5e-06,1e-05,5000,pade5_3,117387.73514907484
224,10000,5e-06,1e-05,5000,pade6_4,117661.22738188661
225,10000,5e-06,0.0001,50,pade4_2,289080.2099384571
226,10000,5e-06,0.0001,50,pade5_3,260228.80232657716
227,10000,5e-06,0.0001,50,pade6_4,176290.23979091021
228,10000,5e-06,0.0001,500,pade4_2,198396.3587408775
229,10000,5e-06,0.0001,500,pade5_3,255242.07219179
230,10000,5e-06,0.0001,500,pade6_4,8939269.272063503
231,10000,5e-06,0.0001,5000,pade4_2,113617820.63085915
232,10000,5e-06,0.0001,5000,pade5_3,157148.29628398435
233,10000,5e-06,0.0001,5000,pade6_4,157448.72604248716
234,10000,5e-06,0.001,50,pade4_2,126064.72603725233
235,10000,5e-06,0.001,50,pade5_3,180945.3371579704
236,10000,5e-06,0.001,50,pade6_4,125596.05987509266
237,10000,5e-06,0.001,500,pade4_2,187742.04723230225
238,10000,5e-06,0.001,500,pade5_3,112778.55222784869
239,10000,5e-06,0.001,500,pade6_4,178115.48624663614
240,10000,5e-06,0.001,5000,pade4_2,189591.0164851193
241,10000,5e-06,0.001,5000,pade5_3,99583.3615284727
242,10000,5e-06,0.001,5000,pade6_4,99808.03310341857
