,Nfpts,stepSize,forwardStep,forwardN,func,prediction
0,1000,5e-08,1e-05,50,pade4_2,165030.92941124155
1,1000,5e-08,1e-05,50,pade5_3,165044.47565885508
2,1000,5e-08,1e-05,50,pade6_4,164975.54232249994
3,1000,5e-08,1e-05,500,pade4_2,165769.74611200622
4,1000,5e-08,1e-05,500,pade5_3,165857.03085763732
5,1000,5e-08,1e-05,500,pade6_4,165845.04203333633
6,1000,5e-08,1e-05,5000,pade4_2,175024.43827291744
7,1000,5e-08,1e-05,5000,pade5_3,174048.6219581018
8,1000,5e-08,1e-05,5000,pade6_4,170621.02125487797
9,1000,5e-08,0.0001,50,pade4_2,158115.49208826563
10,1000,5e-08,0.0001,50,pade5_3,157956.49413728027
11,1000,5e-08,0.0001,50,pade6_4,158001.3692792122
12,1000,5e-08,0.0001,500,pade4_2,159563.40514335985
13,1000,5e-08,0.0001,500,pade5_3,159777.3642716917
14,1000,5e-08,0.0001,500,pade6_4,160247.9264200206
15,1000,5e-08,0.0001,5000,pade4_2,159026.03972664705
16,1000,5e-08,0.0001,5000,pade5_3,159191.41550040795
17,1000,5e-08,0.0001,5000,pade6_4,159307.58350746357
18,1000,5e-08,0.001,50,pade4_2,156259.34670675627
19,1000,5e-08,0.001,50,pade5_3,156256.23626599417
20,1000,5e-08,0.001,50,pade6_4,156268.7026917764
21,1000,5e-08,0.001,500,pade4_2,156718.74019540512
22,1000,5e-08,0.001,500,pade5_3,156741.88433823455
23,1000,5e-08,0.001,500,pade6_4,156751.24485357408
24,1000,5e-08,0.001,5000,pade4_2,156772.33341767808
25,1000,5e-08,0.001,5000,pade5_3,156797.5834209019
26,1000,5e-08,0.001,5000,pade6_4,156775.25266369173
27,1000,5e-07,1e-05,50,pade4_2,165460.73983606065
28,1000,5e-07,1e-05,50,pade5_3,165156.87729616903
29,1000,5e-07,1e-05,50,pade6_4,165144.4909943165
30,1000,5e-07,1e-05,500,pade4_2,166076.49473561998
31,1000,5e-07,1e-05,500,pade5_3,166034.84282570865
32,1000,5e-07,1e-05,500,pade6_4,165634.2591075503
33,1000,5e-07,1e-05,5000,pade4_2,219995.18225126158
34,1000,5e-07,1e-05,5000,pade5_3,202072.42312733858
35,1000,5e-07,1e-05,5000,pade6_4,173964.06910696602
36,1000,5e-07,0.0001,50,pade4_2,158716.3544150582
37,1000,5e-07,0.0001,50,pade5_3,158331.4203354768
38,1000,5e-07,0.0001,50,pade6_4,158622.33516273112
39,1000,5e-07,0.0001,500,pade4_2,159009.06866959855
40,1000,5e-07,0.0001,500,pade5_3,162428.83911970022
41,1000,5e-07,0.0001,500,pade6_4,159310.35738842553
42,1000,5e-07,0.0001,5000,pade4_2,163271.1364705755
43,1000,5e-07,0.0001,5000,pade5_3,163359.23490403034
44,1000,5e-07,0.0001,5000,pade6_4,163087.3197431874
45,1000,5e-07,0.001,50,pade4_2,157532.22210249474
46,1000,5e-07,0.001,50,pade5_3,157324.120815393
47,1000,5e-07,0.001,50,pade6_4,157540.86400162065
48,1000,5e-07,0.001,500,pade4_2,157012.33424098106
49,1000,5e-07,0.001,500,pade5_3,156987.41569260636
50,1000,5e-07,0.001,500,pade6_4,156933.49293763618
51,1000,5e-07,0.001,5000,pade4_2,156729.87674023933
52,1000,5e-07,0.001,5000,pade5_3,156663.288345088
53,1000,5e-07,0.001,5000,pade6_4,156654.0561815991
54,1000,5e-06,1e-05,50,pade4_2,165295.50893365743
55,1000,5e-06,1e-05,50,pade5_3,165474.4061810258
56,1000,5e-06,1e-05,50,pade6_4,165495.6959982363
57,1000,5e-06,1e-05,500,pade4_2,166193.53334253005
58,1000,5e-06,1e-05,500,pade5_3,166197.13544256147
59,1000,5e-06,1e-05,500,pade6_4,165511.1655487853
60,1000,5e-06,1e-05,5000,pade4_2,3.013072155247025e+30
61,1000,5e-06,1e-05,5000,pade5_3,1.5047307317489748e+157
62,1000,5e-06,1e-05,5000,pade6_4,66334780462.76622
63,1000,5e-06,0.0001,50,pade4_2,161142.34998386016
64,1000,5e-06,0.0001,50,pade5_3,158447.43024534453
65,1000,5e-06,0.0001,50,pade6_4,158365.89820084893
66,1000,5e-06,0.0001,500,pade4_2,164210.63623526177
67,1000,5e-06,0.0001,500,pade5_3,163360.62585456285
68,1000,5e-06,0.0001,500,pade6_4,161287.55351357855
69,1000,5e-06,0.0001,5000,pade4_2,159291.21213411563
70,1000,5e-06,0.0001,5000,pade5_3,164498.2976235482
71,1000,5e-06,0.0001,5000,pade6_4,167036.52882713036
72,1000,5e-06,0.001,50,pade4_2,206561.75085499967
73,1000,5e-06,0.001,50,pade5_3,159975.06775848425
74,1000,5e-06,0.001,50,pade6_4,158770.8809792419
75,1000,5e-06,0.001,500,pade4_2,156942.4167122703
76,1000,5e-06,0.001,500,pade5_3,156941.34823636245
77,1000,5e-06,0.001,500,pade6_4,157015.79731481159
78,1000,5e-06,0.001,5000,pade4_2,156669.23143351937
79,1000,5e-06,0.001,5000,pade5_3,156559.79833873143
80,1000,5e-06,0.001,5000,pade6_4,156510.78924273586
81,5000,5e-08,1e-05,50,pade4_2,172372.35070972156
82,5000,5e-08,1e-05,50,pade5_3,172375.101689357
83,5000,5e-08,1e-05,50,pade6_4,172656.51587595785
84,5000,5e-08,1e-05,500,pade4_2,182119.88687663115
85,5000,5e-08,1e-05,500,pade5_3,179095.5145350988
86,5000,5e-08,1e-05,500,pade6_4,179037.9398252724
87,5000,5e-08,1e-05,5000,pade4_2,316376.470114781
88,5000,5e-08,1e-05,5000,pade5_3,261894.28921141181
89,5000,5e-08,1e-05,5000,pade6_4,467592.18187157763
90,5000,5e-08,0.0001,50,pade4_2,155601.19045566744
91,5000,5e-08,0.0001,50,pade5_3,154873.66016264836
92,5000,5e-08,0.0001,50,pade6_4,154620.00160746695
93,5000,5e-08,0.0001,500,pade4_2,156543.66654333868
94,5000,5e-08,0.0001,500,pade5_3,157550.4696077149
95,5000,5e-08,0.0001,500,pade6_4,157226.89090905845
96,5000,5e-08,0.0001,5000,pade4_2,160102.49472064013
97,5000,5e-08,0.0001,5000,pade5_3,156894.35587576524
98,5000,5e-08,0.0001,5000,pade6_4,155336.72830804845
99,5000,5e-08,0.001,50,pade4_2,151810.8167854096
100,5000,5e-08,0.001,50,pade5_3,151631.04233681082
101,5000,5e-08,0.001,50,pade6_4,150935.71804225844
102,5000,5e-08,0.001,500,pade4_2,2.414055170769116e+230
103,5000,5e-08,0.001,500,pade5_3,160096.4006366765
104,5000,5e-08,0.001,500,pade6_4,156305.76335799188
105,5000,5e-08,0.001,5000,pade4_2,inf
106,5000,5e-08,0.001,5000,pade5_3,154781.02865806475
107,5000,5e-08,0.001,5000,pade6_4,157935.08196907493
108,5000,5e-07,1e-05,50,pade4_2,172537.4355101717
109,5000,5e-07,1e-05,50,pade5_3,172845.11837254313
110,5000,5e-07,1e-05,50,pade6_4,172615.03793823207
111,5000,5e-07,1e-05,500,pade4_2,178328.75357181797
112,5000,5e-07,1e-05,500,pade5_3,184713.16913270715
113,5000,5e-07,1e-05,500,pade6_4,186031.2318905214
114,5000,5e-07,1e-05,5000,pade4_2,391505.50544496794
115,5000,5e-07,1e-05,5000,pade5_3,8.914323198122933e+22
116,5000,5e-07,1e-05,5000,pade6_4,1.0550600038209857e+78
117,5000,5e-07,0.0001,50,pade4_2,155721.07132166048
118,5000,5e-07,0.0001,50,pade5_3,155499.57224581492
119,5000,5e-07,0.0001,50,pade6_4,156358.99264221484
120,5000,5e-07,0.0001,500,pade4_2,155117.73201382745
121,5000,5e-07,0.0001,500,pade5_3,155167.88980343833
122,5000,5e-07,0.0001,500,pade6_4,157018.47952565044
123,5000,5e-07,0.0001,5000,pade4_2,163916.96178743723
124,5000,5e-07,0.0001,5000,pade5_3,164564.17427121243
125,5000,5e-07,0.0001,5000,pade6_4,163448.2958812814
126,5000,5e-07,0.001,50,pade4_2,251983.14097611397
127,5000,5e-07,0.001,50,pade5_3,197703.96652643906
128,5000,5e-07,0.001,50,pade6_4,156935.4217090255
129,5000,5e-07,0.001,500,pade4_2,inf
130,5000,5e-07,0.001,500,pade5_3,157228.78849766438
131,5000,5e-07,0.001,500,pade6_4,156042.36326159324
132,5000,5e-07,0.001,5000,pade4_2,8.723786772131341e+50
133,5000,5e-07,0.001,5000,pade5_3,170728.40724658163
134,5000,5e-07,0.001,5000,pade6_4,154250.51604800622
135,5000,5e-06,1e-05,50,pade4_2,176798.91556268407
136,5000,5e-06,1e-05,50,pade5_3,172703.83115814146
137,5000,5e-06,1e-05,50,pade6_4,173292.36753312318
138,5000,5e-06,1e-05,500,pade4_2,184942.20661146851
139,5000,5e-06,1e-05,500,pade5_3,256674.75903333945
140,5000,5e-06,1e-05,500,pade6_4,210513.65953561294
141,5000,5e-06,1e-05,5000,pade4_2,177808.84821043137
142,5000,5e-06,1e-05,5000,pade5_3,219728.7039804655
143,5000,5e-06,1e-05,5000,pade6_4,7.294765073727604e+37
144,5000,5e-06,0.0001,50,pade4_2,157656.35307749853
145,5000,5e-06,0.0001,50,pade5_3,154617.25581171946
146,5000,5e-06,0.0001,50,pade6_4,155546.1412695362
147,5000,5e-06,0.0001,500,pade4_2,166739.78126620525
148,5000,5e-06,0.0001,500,pade5_3,178831.17614852317
149,5000,5e-06,0.0001,500,pade6_4,163866.11162237296
150,5000,5e-06,0.0001,5000,pade4_2,178606.8474759637
151,5000,5e-06,0.0001,5000,pade5_3,175008.5278793593
152,5000,5e-06,0.0001,5000,pade6_4,175693.30336875035
153,5000,5e-06,0.001,50,pade4_2,1.7102826952048364e+30
154,5000,5e-06,0.001,50,pade5_3,9.357787269826803e+56
155,5000,5e-06,0.001,50,pade6_4,158325.8222617246
156,5000,5e-06,0.001,500,pade4_2,inf
157,5000,5e-06,0.001,500,pade5_3,153298.80110820886
158,5000,5e-06,0.001,500,pade6_4,153642.38328579805
159,5000,5e-06,0.001,5000,pade4_2,1.3464086772118798e+31
160,5000,5e-06,0.001,5000,pade5_3,152529.10127289302
161,5000,5e-06,0.001,5000,pade6_4,154992.21286021266
162,10000,5e-08,1e-05,50,pade4_2,166131.37781664843
163,10000,5e-08,1e-05,50,pade5_3,166021.30248494406
164,10000,5e-08,1e-05,50,pade6_4,166025.84924616854
165,10000,5e-08,1e-05,500,pade4_2,167611.35024885382
166,10000,5e-08,1e-05,500,pade5_3,168364.3558130399
167,10000,5e-08,1e-05,500,pade6_4,169032.3683257691
168,10000,5e-08,1e-05,5000,pade4_2,245853.37177172932
169,10000,5e-08,1e-05,5000,pade5_3,190845.3731293674
170,10000,5e-08,1e-05,5000,pade6_4,270265.31227963197
171,10000,5e-08,0.0001,50,pade4_2,153658.34578849134
172,10000,5e-08,0.0001,50,pade5_3,154671.61268868
173,10000,5e-08,0.0001,50,pade6_4,154287.38095734114
174,10000,5e-08,0.0001,500,pade4_2,155381.82529792032
175,10000,5e-08,0.0001,500,pade5_3,159967.85555993722
176,10000,5e-08,0.0001,500,pade6_4,160251.65670901854
177,10000,5e-08,0.0001,5000,pade4_2,159965.6391369329
178,10000,5e-08,0.0001,5000,pade5_3,156510.10302177718
179,10000,5e-08,0.0001,5000,pade6_4,156737.55906613366
180,10000,5e-08,0.001,50,pade4_2,150851.10977849583
181,10000,5e-08,0.001,50,pade5_3,149351.28549121876
182,10000,5e-08,0.001,50,pade6_4,149241.69673915498
183,10000,5e-08,0.001,500,pade4_2,373044.51397793955
184,10000,5e-08,0.001,500,pade5_3,161744.02448472747
185,10000,5e-08,0.001,500,pade6_4,157875.5828640233
186,10000,5e-08,0.001,5000,pade4_2,9.625475245534483e+110
187,10000,5e-08,0.001,5000,pade5_3,226317.1266732781
188,10000,5e-08,0.001,5000,pade6_4,158010.13945553233
189,10000,5e-07,1e-05,50,pade4_2,166817.18777253112
190,10000,5e-07,1e-05,50,pade5_3,166369.77295409027
191,10000,5e-07,1e-05,50,pade6_4,167095.80009759116
192,10000,5e-07,1e-05,500,pade4_2,167510.1410698835
193,10000,5e-07,1e-05,500,pade5_3,169231.67288239746
194,10000,5e-07,1e-05,500,pade6_4,169783.69412073807
195,10000,5e-07,1e-05,5000,pade4_2,8.447314971850524e+46
196,10000,5e-07,1e-05,5000,pade5_3,4.465109636925525e+113
197,10000,5e-07,1e-05,5000,pade6_4,inf
198,10000,5e-07,0.0001,50,pade4_2,154783.67016156914
199,10000,5e-07,0.0001,50,pade5_3,154404.2588237767
200,10000,5e-07,0.0001,50,pade6_4,155226.32038757222
201,10000,5e-07,0.0001,500,pade4_2,156356.60107547004
202,10000,5e-07,0.0001,500,pade5_3,156543.6669146091
203,10000,5e-07,0.0001,500,pade6_4,156838.22361105416
204,10000,5e-07,0.0001,5000,pade4_2,162186.46076152296
205,10000,5e-07,0.0001,5000,pade5_3,156264.81192277514
206,10000,5e-07,0.0001,5000,pade6_4,162171.75393317317
207,10000,5e-07,0.001,50,pade4_2,378634.8876311454
208,10000,5e-07,0.001,50,pade5_3,159772.74504096754
209,10000,5e-07,0.001,50,pade6_4,154056.16712790087
210,10000,5e-07,0.001,500,pade4_2,5.286189837433446e+116
211,10000,5e-07,0.001,500,pade5_3,165224.71200921576
212,10000,5e-07,0.001,500,pade6_4,156358.50546408157
213,10000,5e-07,0.001,5000,pade4_2,inf
214,10000,5e-07,0.001,5000,pade5_3,inf
215,10000,5e-07,0.001,5000,pade6_4,154583.73780964193
216,10000,5e-06,1e-05,50,pade4_2,166809.16923586692
217,10000,5e-06,1e-05,50,pade5_3,167341.76745921385
218,10000,5e-06,1e-05,50,pade6_4,167386.67658874238
219,10000,5e-06,1e-05,500,pade4_2,175733.01674815247
220,10000,5e-06,1e-05,500,pade5_3,168085.5412147401
221,10000,5e-06,1e-05,500,pade6_4,175744.44501148575
222,10000,5e-06,1e-05,5000,pade4_2,174651.3405456091
223,10000,5e-06,1e-05,5000,pade5_3,213057.82750796768
224,10000,5e-06,1e-05,5000,pade6_4,766117731.1561012
225,10000,5e-06,0.0001,50,pade4_2,155300.86726698632
226,10000,5e-06,0.0001,50,pade5_3,155291.02470223268
227,10000,5e-06,0.0001,50,pade6_4,154089.08449766526
228,10000,5e-06,0.0001,500,pade4_2,159198.99953689982
229,10000,5e-06,0.0001,500,pade5_3,160994.26768174148
230,10000,5e-06,0.0001,500,pade6_4,155955.40895253388
231,10000,5e-06,0.0001,5000,pade4_2,161814.2067497996
232,10000,5e-06,0.0001,5000,pade5_3,161909.53383107175
233,10000,5e-06,0.0001,5000,pade6_4,165436.16771668463
234,10000,5e-06,0.001,50,pade4_2,164345.94331343882
235,10000,5e-06,0.001,50,pade5_3,4.839928611823213e+16
236,10000,5e-06,0.001,50,pade6_4,4.480153013506543e+34
237,10000,5e-06,0.001,500,pade4_2,6.005575656041774e+50
238,10000,5e-06,0.001,500,pade5_3,1.1163007593453619e+77
239,10000,5e-06,0.001,500,pade6_4,152481.20714512438
240,10000,5e-06,0.001,5000,pade4_2,8.964111923197596e+31
241,10000,5e-06,0.001,5000,pade5_3,151060.5080194456
242,10000,5e-06,0.001,5000,pade6_4,5.060683346250137e+25
