,Nfpts,forwardStep,forwardN,func,prediction
0,1000,1e-05,50,pade4_2,198367.011630138
1,1000,1e-05,50,pade5_3,200120.40644579148
2,1000,1e-05,50,pade6_4,211758.4227763734
3,1000,1e-05,500,pade4_2,200130.7868452594
4,1000,1e-05,500,pade5_3,406888.0995029303
5,1000,1e-05,500,pade6_4,263472.69168696174
6,1000,1e-05,5000,pade4_2,283581.3961142274
7,1000,1e-05,5000,pade5_3,232321.88593121097
8,1000,1e-05,5000,pade6_4,232872.21748259803
9,1000,0.0001,50,pade4_2,213924253189.58844
10,1000,0.0001,50,pade5_3,305243653.94585675
11,1000,0.0001,50,pade6_4,45317772.7451097
12,1000,0.0001,500,pade4_2,482254.7455121985
13,1000,0.0001,500,pade5_3,1115690.3403177152
14,1000,0.0001,500,pade6_4,577776.827388405
15,1000,0.0001,5000,pade4_2,1718525904.234421
16,1000,0.0001,5000,pade5_3,3521395284.998591
17,1000,0.0001,5000,pade6_4,760355.2753999258
18,1000,0.001,50,pade4_2,156318.0618178142
19,1000,0.001,50,pade5_3,150956.5918666862
20,1000,0.001,50,pade6_4,149989.88184902456
21,1000,0.001,500,pade4_2,3.116869219085645e+17
22,1000,0.001,500,pade5_3,156287.9335605542
23,1000,0.001,500,pade6_4,1.2528526259255123e+23
24,1000,0.001,5000,pade4_2,2.903243585766662e+21
25,1000,0.001,5000,pade5_3,161466.3307930002
26,1000,0.001,5000,pade6_4,7.369582230971187e+23
27,5000,1e-05,50,pade4_2,177358.26001224705
28,5000,1e-05,50,pade5_3,181044.06400795377
29,5000,1e-05,50,pade6_4,177630.85953582719
30,5000,1e-05,500,pade4_2,183056.63467685328
31,5000,1e-05,500,pade5_3,3820348717561.4478
32,5000,1e-05,500,pade6_4,20163986240.92543
33,5000,1e-05,5000,pade4_2,181082.19127239016
34,5000,1e-05,5000,pade5_3,516663308835415.06
35,5000,1e-05,5000,pade6_4,969311641558870.6
36,5000,0.0001,50,pade4_2,433099.1394350136
37,5000,0.0001,50,pade5_3,448479.1030338294
38,5000,0.0001,50,pade6_4,158787.64117813008
39,5000,0.0001,500,pade4_2,52470201648.5159
40,5000,0.0001,500,pade5_3,5094740.023118319
41,5000,0.0001,500,pade6_4,5511355431675534.0
42,5000,0.0001,5000,pade4_2,881549.2168694161
43,5000,0.0001,5000,pade5_3,851211.5564002203
44,5000,0.0001,5000,pade6_4,359823.2577265275
45,5000,0.001,50,pade4_2,155453.95500094112
46,5000,0.001,50,pade5_3,202203.65246976583
47,5000,0.001,50,pade6_4,154628.96969492163
48,5000,0.001,500,pade4_2,163712748343790.6
49,5000,0.001,500,pade5_3,157162.10837495726
50,5000,0.001,500,pade6_4,1.8959309364855166e+34
51,5000,0.001,5000,pade4_2,206436252553.09424
52,5000,0.001,5000,pade5_3,2489615700851.6514
53,5000,0.001,5000,pade6_4,3.7910897535533576e+26
54,10000,1e-05,50,pade4_2,357337.1593282547
55,10000,1e-05,50,pade5_3,175915.99339636994
56,10000,1e-05,50,pade6_4,182541.61129852015
57,10000,1e-05,500,pade4_2,179107.168761326
58,10000,1e-05,500,pade5_3,602919383358.8232
59,10000,1e-05,500,pade6_4,179664.04814066616
60,10000,1e-05,5000,pade4_2,179222.99044667956
61,10000,1e-05,5000,pade5_3,5.608894281496393e+32
62,10000,1e-05,5000,pade6_4,7.001394060533616e+21
63,10000,0.0001,50,pade4_2,166169.36604683037
64,10000,0.0001,50,pade5_3,157220.3630906873
65,10000,0.0001,50,pade6_4,157221.22616304434
66,10000,0.0001,500,pade4_2,200513.69506348204
67,10000,0.0001,500,pade5_3,247585.65592795584
68,10000,0.0001,500,pade6_4,170502.46031296012
69,10000,0.0001,5000,pade4_2,201369.14848604266
70,10000,0.0001,5000,pade5_3,168671.9989343625
71,10000,0.0001,5000,pade6_4,262701.270150039
72,10000,0.001,50,pade4_2,156382.5024026525
73,10000,0.001,50,pade5_3,150369.3957661163
74,10000,0.001,50,pade6_4,150831.86672024158
75,10000,0.001,500,pade4_2,701655840159320.5
76,10000,0.001,500,pade5_3,8208165981500.414
77,10000,0.001,500,pade6_4,154801.8150792021
78,10000,0.001,5000,pade4_2,2.1304193413744409e+21
79,10000,0.001,5000,pade5_3,228734824578159.7
80,10000,0.001,5000,pade6_4,4.727169104031987e+19
