,Nfpts,stepSize,forwardStep,forwardN,func,prediction
0,1000,5e-08,1e-05,50,pade4_2,107626.46734630287
1,1000,5e-08,1e-05,50,pade5_3,107885.73662640821
2,1000,5e-08,1e-05,50,pade6_4,107630.3011024535
3,1000,5e-08,1e-05,500,pade4_2,107057.26600341167
4,1000,5e-08,1e-05,500,pade5_3,107738.43863893278
5,1000,5e-08,1e-05,500,pade6_4,107788.37224783134
6,1000,5e-08,1e-05,5000,pade4_2,105919.1019150078
7,1000,5e-08,1e-05,5000,pade5_3,106512.40011941774
8,1000,5e-08,1e-05,5000,pade6_4,107081.03117840475
9,1000,5e-08,0.0001,50,pade4_2,105942.43593477196
10,1000,5e-08,0.0001,50,pade5_3,105209.43022033625
11,1000,5e-08,0.0001,50,pade6_4,105475.82397582046
12,1000,5e-08,0.0001,500,pade4_2,129346.45363969158
13,1000,5e-08,0.0001,500,pade5_3,123693.14644113417
14,1000,5e-08,0.0001,500,pade6_4,128990.28571821496
15,1000,5e-08,0.0001,5000,pade4_2,106003.34786875587
16,1000,5e-08,0.0001,5000,pade5_3,105946.82151107641
17,1000,5e-08,0.0001,5000,pade6_4,106033.0452240269
18,1000,5e-08,0.001,50,pade4_2,108984.02749149955
19,1000,5e-08,0.001,50,pade5_3,107739.84111213329
20,1000,5e-08,0.001,50,pade6_4,104489.85344411821
21,1000,5e-08,0.001,500,pade4_2,114148.11590289949
22,1000,5e-08,0.001,500,pade5_3,113994.62887514973
23,1000,5e-08,0.001,500,pade6_4,112582.79983596428
24,1000,5e-08,0.001,5000,pade4_2,125784.08378993033
25,1000,5e-08,0.001,5000,pade5_3,112522.58374252435
26,1000,5e-08,0.001,5000,pade6_4,118238.42197221778
27,1000,5e-07,1e-05,50,pade4_2,107085.5703822106
28,1000,5e-07,1e-05,50,pade5_3,107617.88630239794
29,1000,5e-07,1e-05,50,pade6_4,107743.01407781099
30,1000,5e-07,1e-05,500,pade4_2,106275.06598000404
31,1000,5e-07,1e-05,500,pade5_3,106427.74208174842
32,1000,5e-07,1e-05,500,pade6_4,107006.36208726249
33,1000,5e-07,1e-05,5000,pade4_2,106094.51829346409
34,1000,5e-07,1e-05,5000,pade5_3,107418.89613158618
35,1000,5e-07,1e-05,5000,pade6_4,107499.79626096055
36,1000,5e-07,0.0001,50,pade4_2,105883.8518771434
37,1000,5e-07,0.0001,50,pade5_3,105424.44168810359
38,1000,5e-07,0.0001,50,pade6_4,105609.93409022779
39,1000,5e-07,0.0001,500,pade4_2,106074.69408397136
40,1000,5e-07,0.0001,500,pade5_3,106097.1485352162
41,1000,5e-07,0.0001,500,pade6_4,106288.63402950933
42,1000,5e-07,0.0001,5000,pade4_2,105397.35457568854
43,1000,5e-07,0.0001,5000,pade5_3,112906.27178538358
44,1000,5e-07,0.0001,5000,pade6_4,105430.45192423985
45,1000,5e-07,0.001,50,pade4_2,113655.58308810017
46,1000,5e-07,0.001,50,pade5_3,109603.04226630245
47,1000,5e-07,0.001,50,pade6_4,114330.82569292681
48,1000,5e-07,0.001,500,pade4_2,125284.08573306871
49,1000,5e-07,0.001,500,pade5_3,115708.76046032342
50,1000,5e-07,0.001,500,pade6_4,118332.5709296603
51,1000,5e-07,0.001,5000,pade4_2,126123.77743051879
52,1000,5e-07,0.001,5000,pade5_3,118208.06475358739
53,1000,5e-07,0.001,5000,pade6_4,109798.0611595706
54,1000,5e-06,1e-05,50,pade4_2,106116.13203359793
55,1000,5e-06,1e-05,50,pade5_3,106447.41898295551
56,1000,5e-06,1e-05,50,pade6_4,108164.28724047107
57,1000,5e-06,1e-05,500,pade4_2,107624.34526872015
58,1000,5e-06,1e-05,500,pade5_3,107547.74360244328
59,1000,5e-06,1e-05,500,pade6_4,107573.86512503657
60,1000,5e-06,1e-05,5000,pade4_2,104182.3527244426
61,1000,5e-06,1e-05,5000,pade5_3,104265.48560017058
62,1000,5e-06,1e-05,5000,pade6_4,108200.28030714812
63,1000,5e-06,0.0001,50,pade4_2,106952.07400494453
64,1000,5e-06,0.0001,50,pade5_3,105102.95419784712
65,1000,5e-06,0.0001,50,pade6_4,105099.97923656089
66,1000,5e-06,0.0001,500,pade4_2,105444.08257127291
67,1000,5e-06,0.0001,500,pade5_3,105373.4676203693
68,1000,5e-06,0.0001,500,pade6_4,113033.15465104133
69,1000,5e-06,0.0001,5000,pade4_2,113559.04015114497
70,1000,5e-06,0.0001,5000,pade5_3,113957.40378837743
71,1000,5e-06,0.0001,5000,pade6_4,109939.30817306493
72,1000,5e-06,0.001,50,pade4_2,115207.83062145812
73,1000,5e-06,0.001,50,pade5_3,107006.27013996641
74,1000,5e-06,0.001,50,pade6_4,115795.14143169227
75,1000,5e-06,0.001,500,pade4_2,121443.83086283901
76,1000,5e-06,0.001,500,pade5_3,113989.90004547802
77,1000,5e-06,0.001,500,pade6_4,117724.89753393449
78,1000,5e-06,0.001,5000,pade4_2,125722.19010429246
79,1000,5e-06,0.001,5000,pade5_3,125259.33574329402
80,1000,5e-06,0.001,5000,pade6_4,122005.24460985628
81,5000,5e-08,1e-05,50,pade4_2,105930.14114256039
82,5000,5e-08,1e-05,50,pade5_3,106035.27960801033
83,5000,5e-08,1e-05,50,pade6_4,106025.2669663777
84,5000,5e-08,1e-05,500,pade4_2,106129.13340484707
85,5000,5e-08,1e-05,500,pade5_3,106134.06332302645
86,5000,5e-08,1e-05,500,pade6_4,106136.0888926853
87,5000,5e-08,1e-05,5000,pade4_2,106254.3054265112
88,5000,5e-08,1e-05,5000,pade5_3,106269.70954995196
89,5000,5e-08,1e-05,5000,pade6_4,106276.26779727927
90,5000,5e-08,0.0001,50,pade4_2,159725.21744957755
91,5000,5e-08,0.0001,50,pade5_3,114146.3125151784
92,5000,5e-08,0.0001,50,pade6_4,135463.06947225338
93,5000,5e-08,0.0001,500,pade4_2,inf
94,5000,5e-08,0.0001,500,pade5_3,3.526591824992233e+149
95,5000,5e-08,0.0001,500,pade6_4,inf
96,5000,5e-08,0.0001,5000,pade4_2,9.700414473325779e+114
97,5000,5e-08,0.0001,5000,pade5_3,4.2046443868177896e+67
98,5000,5e-08,0.0001,5000,pade6_4,1.679548079029498e+17
99,5000,5e-08,0.001,50,pade4_2,100605.4994485909
100,5000,5e-08,0.001,50,pade5_3,98998.09997415928
101,5000,5e-08,0.001,50,pade6_4,97537.27186560872
102,5000,5e-08,0.001,500,pade4_2,140023.11591838108
103,5000,5e-08,0.001,500,pade5_3,102302.66461582635
104,5000,5e-08,0.001,500,pade6_4,101990.4042663583
105,5000,5e-08,0.001,5000,pade4_2,197898.50786373948
106,5000,5e-08,0.001,5000,pade5_3,102927.35174821827
107,5000,5e-08,0.001,5000,pade6_4,102415.84228090473
108,5000,5e-07,1e-05,50,pade4_2,105938.71919662184
109,5000,5e-07,1e-05,50,pade5_3,105931.80053436372
110,5000,5e-07,1e-05,50,pade6_4,105971.78634923497
111,5000,5e-07,1e-05,500,pade4_2,106156.09755407572
112,5000,5e-07,1e-05,500,pade5_3,106091.331566261
113,5000,5e-07,1e-05,500,pade6_4,106188.10000187284
114,5000,5e-07,1e-05,5000,pade4_2,106410.18364440788
115,5000,5e-07,1e-05,5000,pade5_3,106293.81409026748
116,5000,5e-07,1e-05,5000,pade6_4,106482.30653007537
117,5000,5e-07,0.0001,50,pade4_2,162513.95740639977
118,5000,5e-07,0.0001,50,pade5_3,112945.31317993475
119,5000,5e-07,0.0001,50,pade6_4,623779.8675549802
120,5000,5e-07,0.0001,500,pade4_2,1398681205.5845096
121,5000,5e-07,0.0001,500,pade5_3,4010834367305656.5
122,5000,5e-07,0.0001,500,pade6_4,9.374629229742613e+36
123,5000,5e-07,0.0001,5000,pade4_2,2.5110781473630827e+36
124,5000,5e-07,0.0001,5000,pade5_3,2.8986815534504222e+91
125,5000,5e-07,0.0001,5000,pade6_4,1.1069880267929966e+129
126,5000,5e-07,0.001,50,pade4_2,101951.39091601512
127,5000,5e-07,0.001,50,pade5_3,99030.36220956923
128,5000,5e-07,0.001,50,pade6_4,99664.93940808387
129,5000,5e-07,0.001,500,pade4_2,159642.80044175143
130,5000,5e-07,0.001,500,pade5_3,99528.3381688271
131,5000,5e-07,0.001,500,pade6_4,101359.83602320719
132,5000,5e-07,0.001,5000,pade4_2,214614.31971403846
133,5000,5e-07,0.001,5000,pade5_3,105128.1576557609
134,5000,5e-07,0.001,5000,pade6_4,97729.87623551334
135,5000,5e-06,1e-05,50,pade4_2,105982.8429087903
136,5000,5e-06,1e-05,50,pade5_3,105993.70695857266
137,5000,5e-06,1e-05,50,pade6_4,106101.6955764517
138,5000,5e-06,1e-05,500,pade4_2,106675.67161876716
139,5000,5e-06,1e-05,500,pade5_3,106473.39524226736
140,5000,5e-06,1e-05,500,pade6_4,106219.53376073173
141,5000,5e-06,1e-05,5000,pade4_2,106602.49723587377
142,5000,5e-06,1e-05,5000,pade5_3,106339.33187342773
143,5000,5e-06,1e-05,5000,pade6_4,105963.42825507536
144,5000,5e-06,0.0001,50,pade4_2,246379729167621.56
145,5000,5e-06,0.0001,50,pade5_3,105956.10727969611
146,5000,5e-06,0.0001,50,pade6_4,110890.23541512272
147,5000,5e-06,0.0001,500,pade4_2,116179.50469230479
148,5000,5e-06,0.0001,500,pade5_3,1.306488602159485e+32
149,5000,5e-06,0.0001,500,pade6_4,5.5862801224542424e+60
150,5000,5e-06,0.0001,5000,pade4_2,1.0052745522740369e+18
151,5000,5e-06,0.0001,5000,pade5_3,8.844856221242616e+24
152,5000,5e-06,0.0001,5000,pade6_4,129041.54663228012
153,5000,5e-06,0.001,50,pade4_2,118484.82862539524
154,5000,5e-06,0.001,50,pade5_3,104611.52198644746
155,5000,5e-06,0.001,50,pade6_4,100110.39937031241
156,5000,5e-06,0.001,500,pade4_2,153381.44528713074
157,5000,5e-06,0.001,500,pade5_3,106493.68001997353
158,5000,5e-06,0.001,500,pade6_4,97670.85957973223
159,5000,5e-06,0.001,5000,pade4_2,174921.11849447837
160,5000,5e-06,0.001,5000,pade5_3,105812.13031883832
161,5000,5e-06,0.001,5000,pade6_4,185523.59750701592
162,10000,5e-08,1e-05,50,pade4_2,104655.48463477309
163,10000,5e-08,1e-05,50,pade5_3,104765.30947927869
164,10000,5e-08,1e-05,50,pade6_4,104722.53953965973
165,10000,5e-08,1e-05,500,pade4_2,103997.63337497697
166,10000,5e-08,1e-05,500,pade5_3,104048.38667510825
167,10000,5e-08,1e-05,500,pade6_4,104056.679418847
168,10000,5e-08,1e-05,5000,pade4_2,103545.28047226612
169,10000,5e-08,1e-05,5000,pade5_3,103784.99514193715
170,10000,5e-08,1e-05,5000,pade6_4,103813.33663076896
171,10000,5e-08,0.0001,50,pade4_2,178017.63656295266
172,10000,5e-08,0.0001,50,pade5_3,125572.7159604425
173,10000,5e-08,0.0001,50,pade6_4,6.086835622788593e+65
174,10000,5e-08,0.0001,500,pade4_2,4.255857016124348e+201
175,10000,5e-08,0.0001,500,pade5_3,4.079033468775967e+151
176,10000,5e-08,0.0001,500,pade6_4,2.7674743083312774e+139
177,10000,5e-08,0.0001,5000,pade4_2,1.8759501801281738e+28
178,10000,5e-08,0.0001,5000,pade5_3,852209.6352536314
179,10000,5e-08,0.0001,5000,pade6_4,912629.5967852989
180,10000,5e-08,0.001,50,pade4_2,101628.10230370476
181,10000,5e-08,0.001,50,pade5_3,99507.52782443115
182,10000,5e-08,0.001,50,pade6_4,97727.1111569018
183,10000,5e-08,0.001,500,pade4_2,128901.23874490138
184,10000,5e-08,0.001,500,pade5_3,100911.04712871756
185,10000,5e-08,0.001,500,pade6_4,101326.6309027329
186,10000,5e-08,0.001,5000,pade4_2,138210.6516251795
187,10000,5e-08,0.001,5000,pade5_3,102532.51558063252
188,10000,5e-08,0.001,5000,pade6_4,104095.38088466648
189,10000,5e-07,1e-05,50,pade4_2,104150.44898725556
190,10000,5e-07,1e-05,50,pade5_3,100564.39618935969
191,10000,5e-07,1e-05,50,pade6_4,104059.28790981819
192,10000,5e-07,1e-05,500,pade4_2,103480.07970856638
193,10000,5e-07,1e-05,500,pade5_3,103833.57776871858
194,10000,5e-07,1e-05,500,pade6_4,103875.5932081534
195,10000,5e-07,1e-05,5000,pade4_2,103199.58672607607
196,10000,5e-07,1e-05,5000,pade5_3,103601.41816948606
197,10000,5e-07,1e-05,5000,pade6_4,103664.81452444506
198,10000,5e-07,0.0001,50,pade4_2,3.574791984067102e+126
199,10000,5e-07,0.0001,50,pade5_3,inf
200,10000,5e-07,0.0001,50,pade6_4,128171.83545703023
201,10000,5e-07,0.0001,500,pade4_2,2.650880027766308e+42
202,10000,5e-07,0.0001,500,pade5_3,3473819.0940959044
203,10000,5e-07,0.0001,500,pade6_4,1502593.3801987364
204,10000,5e-07,0.0001,5000,pade4_2,5.74448868090604e+72
205,10000,5e-07,0.0001,5000,pade5_3,1.9009779498876836e+118
206,10000,5e-07,0.0001,5000,pade6_4,7.166743273182113e+17
207,10000,5e-07,0.001,50,pade4_2,104203.96456644485
208,10000,5e-07,0.001,50,pade5_3,99782.26325316374
209,10000,5e-07,0.001,50,pade6_4,99226.85289518541
210,10000,5e-07,0.001,500,pade4_2,143922.58207818857
211,10000,5e-07,0.001,500,pade5_3,104944.64110838552
212,10000,5e-07,0.001,500,pade6_4,103746.82668198016
213,10000,5e-07,0.001,5000,pade4_2,143671.00100821882
214,10000,5e-07,0.001,5000,pade5_3,104320.14089360973
215,10000,5e-07,0.001,5000,pade6_4,97728.31011437121
216,10000,5e-06,1e-05,50,pade4_2,inf
217,10000,5e-06,1e-05,50,pade5_3,103701.31370449075
218,10000,5e-06,1e-05,50,pade6_4,104734.32666673891
219,10000,5e-06,1e-05,500,pade4_2,103602.01016127429
220,10000,5e-06,1e-05,500,pade5_3,2.167763827944261e+117
221,10000,5e-06,1e-05,500,pade6_4,103600.91682538947
222,10000,5e-06,1e-05,5000,pade4_2,103705.42409374366
223,10000,5e-06,1e-05,5000,pade5_3,103625.76879354451
224,10000,5e-06,1e-05,5000,pade6_4,103708.3618659734
225,10000,5e-06,0.0001,50,pade4_2,334991.28069660364
226,10000,5e-06,0.0001,50,pade5_3,106806.28341848294
227,10000,5e-06,0.0001,50,pade6_4,107657.50998005363
228,10000,5e-06,0.0001,500,pade4_2,6.378261706858584e+26
229,10000,5e-06,0.0001,500,pade5_3,1.0244490414300498e+16
230,10000,5e-06,0.0001,500,pade6_4,173234.61813401562
231,10000,5e-06,0.0001,5000,pade4_2,367370.42686056276
232,10000,5e-06,0.0001,5000,pade5_3,165931.58054452727
233,10000,5e-06,0.0001,5000,pade6_4,2139039.660767021
234,10000,5e-06,0.001,50,pade4_2,103055.60778140154
235,10000,5e-06,0.001,50,pade5_3,101604.99458976422
236,10000,5e-06,0.001,50,pade6_4,99710.47008338202
237,10000,5e-06,0.001,500,pade4_2,133130.1654176669
238,10000,5e-06,0.001,500,pade5_3,109173.25996370475
239,10000,5e-06,0.001,500,pade6_4,101752.0025951111
240,10000,5e-06,0.001,5000,pade4_2,138717.90513453493
241,10000,5e-06,0.001,5000,pade5_3,107736.56967331484
242,10000,5e-06,0.001,5000,pade6_4,132683.5793479646
