,Nfpts,stepSize,forwardStep,forwardN,func,prediction
0,1000,5e-08,1e-05,50,pade4_2,103276.36974529138
1,1000,5e-08,1e-05,50,pade5_3,103276.95907458023
2,1000,5e-08,1e-05,50,pade6_4,103266.31669375698
3,1000,5e-08,1e-05,500,pade4_2,103251.79309644016
4,1000,5e-08,1e-05,500,pade5_3,103147.9819884584
5,1000,5e-08,1e-05,500,pade6_4,103192.63395559642
6,1000,5e-08,1e-05,5000,pade4_2,103292.02036898532
7,1000,5e-08,1e-05,5000,pade5_3,103262.42184225473
8,1000,5e-08,1e-05,5000,pade6_4,103245.67108009047
9,1000,5e-08,0.0001,50,pade4_2,101809.13407681775
10,1000,5e-08,0.0001,50,pade5_3,101351.47383100289
11,1000,5e-08,0.0001,50,pade6_4,101883.23694356241
12,1000,5e-08,0.0001,500,pade4_2,102777.30597671316
13,1000,5e-08,0.0001,500,pade5_3,102297.00997260195
14,1000,5e-08,0.0001,500,pade6_4,103674.47095805584
15,1000,5e-08,0.0001,5000,pade4_2,103687.24209059427
16,1000,5e-08,0.0001,5000,pade5_3,103438.94317246872
17,1000,5e-08,0.0001,5000,pade6_4,103859.00265567095
18,1000,5e-08,0.001,50,pade4_2,103780.14798341607
19,1000,5e-08,0.001,50,pade5_3,101957.39438584643
20,1000,5e-08,0.001,50,pade6_4,103033.04401220474
21,1000,5e-08,0.001,500,pade4_2,105025.31586460068
22,1000,5e-08,0.001,500,pade5_3,103889.80956685028
23,1000,5e-08,0.001,500,pade6_4,102751.94095081989
24,1000,5e-08,0.001,5000,pade4_2,104647.71458412275
25,1000,5e-08,0.001,5000,pade5_3,104536.65848872824
26,1000,5e-08,0.001,5000,pade6_4,101757.5511834299
27,1000,5e-07,1e-05,50,pade4_2,103272.2698326725
28,1000,5e-07,1e-05,50,pade5_3,103186.96537308439
29,1000,5e-07,1e-05,50,pade6_4,103182.2875076544
30,1000,5e-07,1e-05,500,pade4_2,103276.28169743871
31,1000,5e-07,1e-05,500,pade5_3,103260.13173059633
32,1000,5e-07,1e-05,500,pade6_4,103204.62036177945
33,1000,5e-07,1e-05,5000,pade4_2,103327.34687977856
34,1000,5e-07,1e-05,5000,pade5_3,103326.16947631659
35,1000,5e-07,1e-05,5000,pade6_4,103320.13802323841
36,1000,5e-07,0.0001,50,pade4_2,102109.89321687941
37,1000,5e-07,0.0001,50,pade5_3,102194.41579059482
38,1000,5e-07,0.0001,50,pade6_4,102417.23965294102
39,1000,5e-07,0.0001,500,pade4_2,103669.19250872692
40,1000,5e-07,0.0001,500,pade5_3,103653.51974420404
41,1000,5e-07,0.0001,500,pade6_4,103897.25931022108
42,1000,5e-07,0.0001,5000,pade4_2,103856.64376467199
43,1000,5e-07,0.0001,5000,pade5_3,104140.10607477318
44,1000,5e-07,0.0001,5000,pade6_4,104094.37094346172
45,1000,5e-07,0.001,50,pade4_2,103816.95206745707
46,1000,5e-07,0.001,50,pade5_3,102565.16493590173
47,1000,5e-07,0.001,50,pade6_4,103511.8113852186
48,1000,5e-07,0.001,500,pade4_2,104938.27186684152
49,1000,5e-07,0.001,500,pade5_3,104114.91018485655
50,1000,5e-07,0.001,500,pade6_4,101849.3773857224
51,1000,5e-07,0.001,5000,pade4_2,105046.35664227263
52,1000,5e-07,0.001,5000,pade5_3,103449.56155069567
53,1000,5e-07,0.001,5000,pade6_4,100391.87932045998
54,1000,5e-06,1e-05,50,pade4_2,103317.97739763976
55,1000,5e-06,1e-05,50,pade5_3,103169.61969082212
56,1000,5e-06,1e-05,50,pade6_4,103112.15954364641
57,1000,5e-06,1e-05,500,pade4_2,103326.24842980377
58,1000,5e-06,1e-05,500,pade5_3,103316.24676104523
59,1000,5e-06,1e-05,500,pade6_4,103316.01458902557
60,1000,5e-06,1e-05,5000,pade4_2,103330.44291494225
61,1000,5e-06,1e-05,5000,pade5_3,103325.40299631559
62,1000,5e-06,1e-05,5000,pade6_4,103325.40042637735
63,1000,5e-06,0.0001,50,pade4_2,104253.18297240455
64,1000,5e-06,0.0001,50,pade5_3,102143.53263037361
65,1000,5e-06,0.0001,50,pade6_4,103199.26723835389
66,1000,5e-06,0.0001,500,pade4_2,104158.46735680824
67,1000,5e-06,0.0001,500,pade5_3,104259.46119790681
68,1000,5e-06,0.0001,500,pade6_4,104245.81031180856
69,1000,5e-06,0.0001,5000,pade4_2,104381.07498765927
70,1000,5e-06,0.0001,5000,pade5_3,104136.09398039819
71,1000,5e-06,0.0001,5000,pade6_4,103678.9473432192
72,1000,5e-06,0.001,50,pade4_2,103894.28973885442
73,1000,5e-06,0.001,50,pade5_3,103519.98862602765
74,1000,5e-06,0.001,50,pade6_4,102296.63892414374
75,1000,5e-06,0.001,500,pade4_2,104826.16091507713
76,1000,5e-06,0.001,500,pade5_3,104509.3624667877
77,1000,5e-06,0.001,500,pade6_4,102460.03441041078
78,1000,5e-06,0.001,5000,pade4_2,105033.24491728283
79,1000,5e-06,0.001,5000,pade5_3,104862.80161493017
80,1000,5e-06,0.001,5000,pade6_4,101124.33609308401
81,5000,5e-08,1e-05,50,pade4_2,110151.8420947327
82,5000,5e-08,1e-05,50,pade5_3,110456.4748790136
83,5000,5e-08,1e-05,50,pade6_4,110667.29258295632
84,5000,5e-08,1e-05,500,pade4_2,112012.10388868791
85,5000,5e-08,1e-05,500,pade5_3,111869.2722209943
86,5000,5e-08,1e-05,500,pade6_4,112116.42372152423
87,5000,5e-08,1e-05,5000,pade4_2,117965.53563872536
88,5000,5e-08,1e-05,5000,pade5_3,119557.5806304453
89,5000,5e-08,1e-05,5000,pade6_4,118760.38139352851
90,5000,5e-08,0.0001,50,pade4_2,190246.31148813883
91,5000,5e-08,0.0001,50,pade5_3,146864.41525071394
92,5000,5e-08,0.0001,50,pade6_4,133184.39975090543
93,5000,5e-08,0.0001,500,pade4_2,4.896823144080375e+85
94,5000,5e-08,0.0001,500,pade5_3,1.240199644458251e+84
95,5000,5e-08,0.0001,500,pade6_4,513537763.57514566
96,5000,5e-08,0.0001,5000,pade4_2,2.8523724129977496e+27
97,5000,5e-08,0.0001,5000,pade5_3,6.647378936813876e+68
98,5000,5e-08,0.0001,5000,pade6_4,1961166.8809175412
99,5000,5e-08,0.001,50,pade4_2,108338.38512692151
100,5000,5e-08,0.001,50,pade5_3,99329.58999200963
101,5000,5e-08,0.001,50,pade6_4,97753.87856595704
102,5000,5e-08,0.001,500,pade4_2,138394.07566031013
103,5000,5e-08,0.001,500,pade5_3,115505.56963875897
104,5000,5e-08,0.001,500,pade6_4,98752.15025137726
105,5000,5e-08,0.001,5000,pade4_2,222527.02947153253
106,5000,5e-08,0.001,5000,pade5_3,109095.83283318147
107,5000,5e-08,0.001,5000,pade6_4,100994.44018404373
108,5000,5e-07,1e-05,50,pade4_2,111318.35723071199
109,5000,5e-07,1e-05,50,pade5_3,110599.76197094434
110,5000,5e-07,1e-05,50,pade6_4,110965.50511984332
111,5000,5e-07,1e-05,500,pade4_2,112614.53846027896
112,5000,5e-07,1e-05,500,pade5_3,112819.18452070882
113,5000,5e-07,1e-05,500,pade6_4,115308.9672164157
114,5000,5e-07,1e-05,5000,pade4_2,126915.36868440952
115,5000,5e-07,1e-05,5000,pade5_3,126184.0240231428
116,5000,5e-07,1e-05,5000,pade6_4,119447.3183201297
117,5000,5e-07,0.0001,50,pade4_2,84203224912296.58
118,5000,5e-07,0.0001,50,pade5_3,116763.346374707
119,5000,5e-07,0.0001,50,pade6_4,124538.2223463574
120,5000,5e-07,0.0001,500,pade4_2,1.244447536003538e+45
121,5000,5e-07,0.0001,500,pade5_3,582565.0967597608
122,5000,5e-07,0.0001,500,pade6_4,3.256936592753298e+86
123,5000,5e-07,0.0001,5000,pade4_2,2.98818761091718e+40
124,5000,5e-07,0.0001,5000,pade5_3,6.6713648953133425e+40
125,5000,5e-07,0.0001,5000,pade6_4,1185980.1251434723
126,5000,5e-07,0.001,50,pade4_2,116261.90980593253
127,5000,5e-07,0.001,50,pade5_3,97847.72660443616
128,5000,5e-07,0.001,50,pade6_4,98783.76027268718
129,5000,5e-07,0.001,500,pade4_2,183630.28491857694
130,5000,5e-07,0.001,500,pade5_3,117039.70362882182
131,5000,5e-07,0.001,500,pade6_4,96955.42303953918
132,5000,5e-07,0.001,5000,pade4_2,208616.24966215188
133,5000,5e-07,0.001,5000,pade5_3,98443.10277108694
134,5000,5e-07,0.001,5000,pade6_4,103707.56141781574
135,5000,5e-06,1e-05,50,pade4_2,111070.0478589662
136,5000,5e-06,1e-05,50,pade5_3,111060.91022293388
137,5000,5e-06,1e-05,50,pade6_4,113143.43695801654
138,5000,5e-06,1e-05,500,pade4_2,112192.83933175771
139,5000,5e-06,1e-05,500,pade5_3,113903.73697456534
140,5000,5e-06,1e-05,500,pade6_4,110943.26549548806
141,5000,5e-06,1e-05,5000,pade4_2,123729.42597570666
142,5000,5e-06,1e-05,5000,pade5_3,111663.94738088909
143,5000,5e-06,1e-05,5000,pade6_4,123933.80600452158
144,5000,5e-06,0.0001,50,pade4_2,1.1348001179131547e+28
145,5000,5e-06,0.0001,50,pade5_3,132444.35674323628
146,5000,5e-06,0.0001,50,pade6_4,167803.5650151276
147,5000,5e-06,0.0001,500,pade4_2,184852482335.82407
148,5000,5e-06,0.0001,500,pade5_3,421101.88048860227
149,5000,5e-06,0.0001,500,pade6_4,6.625704937800175e+33
150,5000,5e-06,0.0001,5000,pade4_2,149768.84231769913
151,5000,5e-06,0.0001,5000,pade5_3,1.1898099433641595e+18
152,5000,5e-06,0.0001,5000,pade6_4,3.75688117107214e+36
153,5000,5e-06,0.001,50,pade4_2,130872.89523166619
154,5000,5e-06,0.001,50,pade5_3,101744.32538591624
155,5000,5e-06,0.001,50,pade6_4,125902.34969208318
156,5000,5e-06,0.001,500,pade4_2,148423.61145425824
157,5000,5e-06,0.001,500,pade5_3,188023.92085465492
158,5000,5e-06,0.001,500,pade6_4,183294.75435719025
159,5000,5e-06,0.001,5000,pade4_2,253691.18070674627
160,5000,5e-06,0.001,5000,pade5_3,95878.70023598598
161,5000,5e-06,0.001,5000,pade6_4,106161.34821076869
162,10000,5e-08,1e-05,50,pade4_2,110738.51692469444
163,10000,5e-08,1e-05,50,pade5_3,110786.34137913195
164,10000,5e-08,1e-05,50,pade6_4,111003.3573145262
165,10000,5e-08,1e-05,500,pade4_2,112026.18831721447
166,10000,5e-08,1e-05,500,pade5_3,112064.18832653585
167,10000,5e-08,1e-05,500,pade6_4,112416.31113491091
168,10000,5e-08,1e-05,5000,pade4_2,116654.32284310646
169,10000,5e-08,1e-05,5000,pade5_3,116966.66793425386
170,10000,5e-08,1e-05,5000,pade6_4,116191.96407975435
171,10000,5e-08,0.0001,50,pade4_2,349152.91467369214
172,10000,5e-08,0.0001,50,pade5_3,183206.9640827223
173,10000,5e-08,0.0001,50,pade6_4,127743.7196841316
174,10000,5e-08,0.0001,500,pade4_2,3.759188642287348e+81
175,10000,5e-08,0.0001,500,pade5_3,2.1935695573040865e+19
176,10000,5e-08,0.0001,500,pade6_4,944517.4490363589
177,10000,5e-08,0.0001,5000,pade4_2,1.4452681038171914e+25
178,10000,5e-08,0.0001,5000,pade5_3,781515.7977263466
179,10000,5e-08,0.0001,5000,pade6_4,386114.1700689889
180,10000,5e-08,0.001,50,pade4_2,101387.34141794975
181,10000,5e-08,0.001,50,pade5_3,102058.38917904824
182,10000,5e-08,0.001,50,pade6_4,97879.33081021968
183,10000,5e-08,0.001,500,pade4_2,135023.34123274966
184,10000,5e-08,0.001,500,pade5_3,105743.33368001165
185,10000,5e-08,0.001,500,pade6_4,101482.25260402255
186,10000,5e-08,0.001,5000,pade4_2,143792.58467603766
187,10000,5e-08,0.001,5000,pade5_3,103155.8347619648
188,10000,5e-08,0.001,5000,pade6_4,101694.4723944624
189,10000,5e-07,1e-05,50,pade4_2,111429.05772231074
190,10000,5e-07,1e-05,50,pade5_3,111396.89723620175
191,10000,5e-07,1e-05,50,pade6_4,111280.12913652418
192,10000,5e-07,1e-05,500,pade4_2,112790.82680447427
193,10000,5e-07,1e-05,500,pade5_3,113379.56443657342
194,10000,5e-07,1e-05,500,pade6_4,113902.2349580226
195,10000,5e-07,1e-05,5000,pade4_2,118859.76686372848
196,10000,5e-07,1e-05,5000,pade5_3,119059.8517810337
197,10000,5e-07,1e-05,5000,pade6_4,118772.49223190447
198,10000,5e-07,0.0001,50,pade4_2,194201.8483077325
199,10000,5e-07,0.0001,50,pade5_3,179940.99136566126
200,10000,5e-07,0.0001,50,pade6_4,121876.7356449385
201,10000,5e-07,0.0001,500,pade4_2,2.3180166853026526e+77
202,10000,5e-07,0.0001,500,pade5_3,1645507.5780949304
203,10000,5e-07,0.0001,500,pade6_4,2.43627391063477e+27
204,10000,5e-07,0.0001,5000,pade4_2,8.504750024578084e+17
205,10000,5e-07,0.0001,5000,pade5_3,627420.2275408112
206,10000,5e-07,0.0001,5000,pade6_4,532059.1358667157
207,10000,5e-07,0.001,50,pade4_2,111044.06427014628
208,10000,5e-07,0.001,50,pade5_3,103214.03531105314
209,10000,5e-07,0.001,50,pade6_4,98926.73463191782
210,10000,5e-07,0.001,500,pade4_2,146595.51067346215
211,10000,5e-07,0.001,500,pade5_3,109235.6879608229
212,10000,5e-07,0.001,500,pade6_4,98358.40524582576
213,10000,5e-07,0.001,5000,pade4_2,142239.15272177404
214,10000,5e-07,0.001,5000,pade5_3,107443.03980071475
215,10000,5e-07,0.001,5000,pade6_4,103629.93496576462
216,10000,5e-06,1e-05,50,pade4_2,113260.33276174858
217,10000,5e-06,1e-05,50,pade5_3,112031.53615095049
218,10000,5e-06,1e-05,50,pade6_4,110830.52059128573
219,10000,5e-06,1e-05,500,pade4_2,115501.79723896725
220,10000,5e-06,1e-05,500,pade5_3,112551.65837554919
221,10000,5e-06,1e-05,500,pade6_4,114168.96795597197
222,10000,5e-06,1e-05,5000,pade4_2,120453.70922468518
223,10000,5e-06,1e-05,5000,pade5_3,116471.38862420917
224,10000,5e-06,1e-05,5000,pade6_4,114415.62120046471
225,10000,5e-06,0.0001,50,pade4_2,4.331669450734028e+22
226,10000,5e-06,0.0001,50,pade5_3,1.774010941329308e+23
227,10000,5e-06,0.0001,50,pade6_4,141383.4986180009
228,10000,5e-06,0.0001,500,pade4_2,9.140696335798362e+23
229,10000,5e-06,0.0001,500,pade5_3,8799252748441.49
230,10000,5e-06,0.0001,500,pade6_4,6817548918026972.0
231,10000,5e-06,0.0001,5000,pade4_2,1.87854402137623e+18
232,10000,5e-06,0.0001,5000,pade5_3,10207875330.40697
233,10000,5e-06,0.0001,5000,pade6_4,5771360.607115384
234,10000,5e-06,0.001,50,pade4_2,154791.27051941215
235,10000,5e-06,0.001,50,pade5_3,100601.2587904736
236,10000,5e-06,0.001,50,pade6_4,121359.72838990619
237,10000,5e-06,0.001,500,pade4_2,163193.99863678744
238,10000,5e-06,0.001,500,pade5_3,103218.98052447234
239,10000,5e-06,0.001,500,pade6_4,99667.28604528953
240,10000,5e-06,0.001,5000,pade4_2,157005.26814879503
241,10000,5e-06,0.001,5000,pade5_3,96877.61607428403
242,10000,5e-06,0.001,5000,pade6_4,110709.35995817345
