,Nfpts,forwardStep,forwardN,func,prediction
0,1000,1e-05,50,pade4_2,255150.03304132796
1,1000,1e-05,50,pade5_3,210156.11827848846
2,1000,1e-05,50,pade6_4,257204.79926925708
3,1000,1e-05,500,pade4_2,344059.23170452093
4,1000,1e-05,500,pade5_3,246400.56683021254
5,1000,1e-05,500,pade6_4,255823.09384860558
6,1000,1e-05,5000,pade4_2,297167.28497192514
7,1000,1e-05,5000,pade5_3,256732.54274374407
8,1000,1e-05,5000,pade6_4,257699.20955770026
9,1000,0.0001,50,pade4_2,228764.9467725787
10,1000,0.0001,50,pade5_3,223717.94786362257
11,1000,0.0001,50,pade6_4,227498.29662826884
12,1000,0.0001,500,pade4_2,256106.79261415591
13,1000,0.0001,500,pade5_3,253836.20593207705
14,1000,0.0001,500,pade6_4,62458978375090.54
15,1000,0.0001,5000,pade4_2,234272.26900519046
16,1000,0.0001,5000,pade5_3,1213982468002.8647
17,1000,0.0001,5000,pade6_4,231823.4744124996
18,1000,0.001,50,pade4_2,106095.02800541658
19,1000,0.001,50,pade5_3,133402.37416942662
20,1000,0.001,50,pade6_4,114429.46335733608
21,1000,0.001,500,pade4_2,242377.6597288766
22,1000,0.001,500,pade5_3,240372.86228996687
23,1000,0.001,500,pade6_4,242239.2598540926
24,1000,0.001,5000,pade4_2,242460.14201156938
25,1000,0.001,5000,pade5_3,241653.4578565476
26,1000,0.001,5000,pade6_4,243330.31651442352
27,5000,1e-05,50,pade4_2,285778.2824795325
28,5000,1e-05,50,pade5_3,254696.23957490054
29,5000,1e-05,50,pade6_4,194962.1783421067
30,5000,1e-05,500,pade4_2,309120.1623717328
31,5000,1e-05,500,pade5_3,260623.17907894572
32,5000,1e-05,500,pade6_4,178070.74662450663
33,5000,1e-05,5000,pade4_2,209239.2590457185
34,5000,1e-05,5000,pade5_3,308248.41290703916
35,5000,1e-05,5000,pade6_4,179021.18296676438
36,5000,0.0001,50,pade4_2,250684.09695701563
37,5000,0.0001,50,pade5_3,254689.532312199
38,5000,0.0001,50,pade6_4,165181.74083162568
39,5000,0.0001,500,pade4_2,249773.5990292964
40,5000,0.0001,500,pade5_3,251467.6529586762
41,5000,0.0001,500,pade6_4,253290.4041944069
42,5000,0.0001,5000,pade4_2,248743.22533203175
43,5000,0.0001,5000,pade5_3,261311.70343419345
44,5000,0.0001,5000,pade6_4,250393.27619651495
45,5000,0.001,50,pade4_2,152213.2823313643
46,5000,0.001,50,pade5_3,95443.0391384989
47,5000,0.001,50,pade6_4,596440299.0786432
48,5000,0.001,500,pade4_2,334623.28098031593
49,5000,0.001,500,pade5_3,104488.65491803027
50,5000,0.001,500,pade6_4,304473.3082644324
51,5000,0.001,5000,pade4_2,283255.29157503066
52,5000,0.001,5000,pade5_3,293182.7805085291
53,5000,0.001,5000,pade6_4,305638.8948302508
54,10000,1e-05,50,pade4_2,288748.9886670873
55,10000,1e-05,50,pade5_3,353872.33817885665
56,10000,1e-05,50,pade6_4,277952.0930483682
57,10000,1e-05,500,pade4_2,293197.32040825166
58,10000,1e-05,500,pade5_3,253864.346963364
59,10000,1e-05,500,pade6_4,181473.5777199334
60,10000,1e-05,5000,pade4_2,285532.0670554966
61,10000,1e-05,5000,pade5_3,289055.09316370904
62,10000,1e-05,5000,pade6_4,289204.859538358
63,10000,0.0001,50,pade4_2,232038.81584362057
64,10000,0.0001,50,pade5_3,233015.9265039786
65,10000,0.0001,50,pade6_4,220271.9820897581
66,10000,0.0001,500,pade4_2,241734.19742050613
67,10000,0.0001,500,pade5_3,242930.00094031537
68,10000,0.0001,500,pade6_4,242410.1005498204
69,10000,0.0001,5000,pade4_2,240462.58318403392
70,10000,0.0001,5000,pade5_3,243313.16709724732
71,10000,0.0001,5000,pade6_4,243293.27061016703
72,10000,0.001,50,pade4_2,116947.85195557513
73,10000,0.001,50,pade5_3,153766.5842208696
74,10000,0.001,50,pade6_4,117713.4454126214
75,10000,0.001,500,pade4_2,245562.9326196877
76,10000,0.001,500,pade5_3,256247.4690650236
77,10000,0.001,500,pade6_4,246687.72671646383
78,10000,0.001,5000,pade4_2,249863.89565454764
79,10000,0.001,5000,pade5_3,249230.78266585714
80,10000,0.001,5000,pade6_4,257078.95028365133
