,Nfpts,stepSize,forwardStep,forwardN,func,prediction
0,1000,5e-08,1e-05,50,pade4_2,145406.61976140167
1,1000,5e-08,1e-05,50,pade5_3,145534.0367769031
2,1000,5e-08,1e-05,50,pade6_4,145509.3806179427
3,1000,5e-08,1e-05,500,pade4_2,148667.4073918872
4,1000,5e-08,1e-05,500,pade5_3,149565.42219785776
5,1000,5e-08,1e-05,500,pade6_4,150547.91013810856
6,1000,5e-08,1e-05,5000,pade4_2,2.570680497713287e+118
7,1000,5e-08,1e-05,5000,pade5_3,1.5835861664567665e+116
8,1000,5e-08,1e-05,5000,pade6_4,3.389431975022944e+113
9,1000,5e-08,0.0001,50,pade4_2,129424.58838132062
10,1000,5e-08,0.0001,50,pade5_3,129708.09397172132
11,1000,5e-08,0.0001,50,pade6_4,129746.0065980123
12,1000,5e-08,0.0001,500,pade4_2,131098.11771143714
13,1000,5e-08,0.0001,500,pade5_3,131512.67312141074
14,1000,5e-08,0.0001,500,pade6_4,131772.90285901295
15,1000,5e-08,0.0001,5000,pade4_2,134220.4195671958
16,1000,5e-08,0.0001,5000,pade5_3,134177.18801288417
17,1000,5e-08,0.0001,5000,pade6_4,134586.99379128913
18,1000,5e-08,0.001,50,pade4_2,133157.70874776915
19,1000,5e-08,0.001,50,pade5_3,132350.87261427284
20,1000,5e-08,0.001,50,pade6_4,131237.7944309091
21,1000,5e-08,0.001,500,pade4_2,143453.6472376189
22,1000,5e-08,0.001,500,pade5_3,137838.4518730295
23,1000,5e-08,0.001,500,pade6_4,135841.34581200528
24,1000,5e-08,0.001,5000,pade4_2,149284.3936533695
25,1000,5e-08,0.001,5000,pade5_3,140346.33064180464
26,1000,5e-08,0.001,5000,pade6_4,137537.83497295412
27,1000,5e-07,1e-05,50,pade4_2,147605.06981018983
28,1000,5e-07,1e-05,50,pade5_3,147251.5957305293
29,1000,5e-07,1e-05,50,pade6_4,147098.94962292476
30,1000,5e-07,1e-05,500,pade4_2,151090.53129702917
31,1000,5e-07,1e-05,500,pade5_3,151955.13347933217
32,1000,5e-07,1e-05,500,pade6_4,156440.36580674487
33,1000,5e-07,1e-05,5000,pade4_2,6.870918702025912e+63
34,1000,5e-07,1e-05,5000,pade5_3,4.960061311108587e+91
35,1000,5e-07,1e-05,5000,pade6_4,7.623960820013942e+196
36,1000,5e-07,0.0001,50,pade4_2,129895.35501606386
37,1000,5e-07,0.0001,50,pade5_3,131351.14376682308
38,1000,5e-07,0.0001,50,pade6_4,130441.55945856149
39,1000,5e-07,0.0001,500,pade4_2,134303.75697012342
40,1000,5e-07,0.0001,500,pade5_3,134398.66358387558
41,1000,5e-07,0.0001,500,pade6_4,134752.58149766186
42,1000,5e-07,0.0001,5000,pade4_2,142017.0121358723
43,1000,5e-07,0.0001,5000,pade5_3,145088.94438226474
44,1000,5e-07,0.0001,5000,pade6_4,144999.07487622663
45,1000,5e-07,0.001,50,pade4_2,143492.855046055
46,1000,5e-07,0.001,50,pade5_3,141942.364371949
47,1000,5e-07,0.001,50,pade6_4,136833.17238172598
48,1000,5e-07,0.001,500,pade4_2,145573.32630156283
49,1000,5e-07,0.001,500,pade5_3,141049.50360152507
50,1000,5e-07,0.001,500,pade6_4,137932.6102461055
51,1000,5e-07,0.001,5000,pade4_2,158166.52225251045
52,1000,5e-07,0.001,5000,pade5_3,143581.44309345706
53,1000,5e-07,0.001,5000,pade6_4,135657.06589629521
54,1000,5e-06,1e-05,50,pade4_2,148067.63167227348
55,1000,5e-06,1e-05,50,pade5_3,147470.73327939978
56,1000,5e-06,1e-05,50,pade6_4,147695.42113033793
57,1000,5e-06,1e-05,500,pade4_2,148217.30014907662
58,1000,5e-06,1e-05,500,pade5_3,314848.12150848424
59,1000,5e-06,1e-05,500,pade6_4,150951.87490391813
60,1000,5e-06,1e-05,5000,pade4_2,1.184783313690696e+40
61,1000,5e-06,1e-05,5000,pade5_3,230729.72216562444
62,1000,5e-06,1e-05,5000,pade6_4,172631.858023794
63,1000,5e-06,0.0001,50,pade4_2,138655.01867170847
64,1000,5e-06,0.0001,50,pade5_3,135300.10919305368
65,1000,5e-06,0.0001,50,pade6_4,139118.42811575969
66,1000,5e-06,0.0001,500,pade4_2,144135.0561002922
67,1000,5e-06,0.0001,500,pade5_3,145085.52994225893
68,1000,5e-06,0.0001,500,pade6_4,145927.39098744825
69,1000,5e-06,0.0001,5000,pade4_2,141759.23020897698
70,1000,5e-06,0.0001,5000,pade5_3,152972.04022886514
71,1000,5e-06,0.0001,5000,pade6_4,151348.17043056566
72,1000,5e-06,0.001,50,pade4_2,149060.67653191378
73,1000,5e-06,0.001,50,pade5_3,171745.94662112737
74,1000,5e-06,0.001,50,pade6_4,143606.59086962216
75,1000,5e-06,0.001,500,pade4_2,151667.20461680362
76,1000,5e-06,0.001,500,pade5_3,142234.0935949364
77,1000,5e-06,0.001,500,pade6_4,153611.87708413068
78,1000,5e-06,0.001,5000,pade4_2,165196.49139541626
79,1000,5e-06,0.001,5000,pade5_3,156467.37180070078
80,1000,5e-06,0.001,5000,pade6_4,133861.63730593622
81,5000,5e-08,1e-05,50,pade4_2,166368.0231284803
82,5000,5e-08,1e-05,50,pade5_3,160605.875153864
83,5000,5e-08,1e-05,50,pade6_4,160623.04621507647
84,5000,5e-08,1e-05,500,pade4_2,168834.1266023354
85,5000,5e-08,1e-05,500,pade5_3,170782.57278711503
86,5000,5e-08,1e-05,500,pade6_4,174000.0729524035
87,5000,5e-08,1e-05,5000,pade4_2,408283.7759442545
88,5000,5e-08,1e-05,5000,pade5_3,551474.9655023266
89,5000,5e-08,1e-05,5000,pade6_4,408232.5641658469
90,5000,5e-08,0.0001,50,pade4_2,129781.51427597937
91,5000,5e-08,0.0001,50,pade5_3,130284.72212760044
92,5000,5e-08,0.0001,50,pade6_4,130922.57040674028
93,5000,5e-08,0.0001,500,pade4_2,128997.60950945175
94,5000,5e-08,0.0001,500,pade5_3,130999.94400476723
95,5000,5e-08,0.0001,500,pade6_4,132791.60408078806
96,5000,5e-08,0.0001,5000,pade4_2,151829.09653051957
97,5000,5e-08,0.0001,5000,pade5_3,152944.67665364896
98,5000,5e-08,0.0001,5000,pade6_4,153403.6354802908
99,5000,5e-08,0.001,50,pade4_2,136634.90369173203
100,5000,5e-08,0.001,50,pade5_3,132735.07429431163
101,5000,5e-08,0.001,50,pade6_4,131048.18915489943
102,5000,5e-08,0.001,500,pade4_2,159075.98362136606
103,5000,5e-08,0.001,500,pade5_3,153849.12323350992
104,5000,5e-08,0.001,500,pade6_4,142887.9235702822
105,5000,5e-08,0.001,5000,pade4_2,179223.12012746537
106,5000,5e-08,0.001,5000,pade5_3,160300.23821872176
107,5000,5e-08,0.001,5000,pade6_4,144955.05033244035
108,5000,5e-07,1e-05,50,pade4_2,161130.5541786811
109,5000,5e-07,1e-05,50,pade5_3,163745.33000970187
110,5000,5e-07,1e-05,50,pade6_4,165434.5933158698
111,5000,5e-07,1e-05,500,pade4_2,169150.4801041045
112,5000,5e-07,1e-05,500,pade5_3,171865.89727031396
113,5000,5e-07,1e-05,500,pade6_4,175793.87835907078
114,5000,5e-07,1e-05,5000,pade4_2,290539.2828955228
115,5000,5e-07,1e-05,5000,pade5_3,3.443869884196468e+84
116,5000,5e-07,1e-05,5000,pade6_4,1.4726208610048316e+23
117,5000,5e-07,0.0001,50,pade4_2,146444.87150586295
118,5000,5e-07,0.0001,50,pade5_3,130099.57797140836
119,5000,5e-07,0.0001,50,pade6_4,130340.4139987953
120,5000,5e-07,0.0001,500,pade4_2,152357.44550770096
121,5000,5e-07,0.0001,500,pade5_3,155282.65278218986
122,5000,5e-07,0.0001,500,pade6_4,152834.25106255081
123,5000,5e-07,0.0001,5000,pade4_2,155453.37423692524
124,5000,5e-07,0.0001,5000,pade5_3,161618.3084031106
125,5000,5e-07,0.0001,5000,pade6_4,166232.86717473718
126,5000,5e-07,0.001,50,pade4_2,152604.40934891437
127,5000,5e-07,0.001,50,pade5_3,147768.26431988925
128,5000,5e-07,0.001,50,pade6_4,148380.32795353417
129,5000,5e-07,0.001,500,pade4_2,171202.1729918985
130,5000,5e-07,0.001,500,pade5_3,144609.71450615965
131,5000,5e-07,0.001,500,pade6_4,147682.60393514408
132,5000,5e-07,0.001,5000,pade4_2,173534.82947093714
133,5000,5e-07,0.001,5000,pade5_3,178684.11411613214
134,5000,5e-07,0.001,5000,pade6_4,141592.3891396712
135,5000,5e-06,1e-05,50,pade4_2,170218.47570728423
136,5000,5e-06,1e-05,50,pade5_3,161571.64209460397
137,5000,5e-06,1e-05,50,pade6_4,167795.55042057738
138,5000,5e-06,1e-05,500,pade4_2,167955.71938492014
139,5000,5e-06,1e-05,500,pade5_3,208566.08928358048
140,5000,5e-06,1e-05,500,pade6_4,172049.357089628
141,5000,5e-06,1e-05,5000,pade4_2,3.231583084653676e+31
142,5000,5e-06,1e-05,5000,pade5_3,219832.49528741193
143,5000,5e-06,1e-05,5000,pade6_4,177367.4408465455
144,5000,5e-06,0.0001,50,pade4_2,135328.76006073784
145,5000,5e-06,0.0001,50,pade5_3,143576.5221299608
146,5000,5e-06,0.0001,50,pade6_4,155550.92459421136
147,5000,5e-06,0.0001,500,pade4_2,168457.89836134034
148,5000,5e-06,0.0001,500,pade5_3,170098.15082143052
149,5000,5e-06,0.0001,500,pade6_4,157733.42965537694
150,5000,5e-06,0.0001,5000,pade4_2,154245.91358843356
151,5000,5e-06,0.0001,5000,pade5_3,187350.70306093324
152,5000,5e-06,0.0001,5000,pade6_4,192627.42730913553
153,5000,5e-06,0.001,50,pade4_2,194193.36028963423
154,5000,5e-06,0.001,50,pade5_3,165763.7162977049
155,5000,5e-06,0.001,50,pade6_4,149063.8348289581
156,5000,5e-06,0.001,500,pade4_2,196736.9868884572
157,5000,5e-06,0.001,500,pade5_3,303647.8603969834
158,5000,5e-06,0.001,500,pade6_4,142722.3886706296
159,5000,5e-06,0.001,5000,pade4_2,156817.86737950897
160,5000,5e-06,0.001,5000,pade5_3,139580.70571863488
161,5000,5e-06,0.001,5000,pade6_4,154161.75415452154
162,10000,5e-08,1e-05,50,pade4_2,160125.92083070354
163,10000,5e-08,1e-05,50,pade5_3,157708.39301178412
164,10000,5e-08,1e-05,50,pade6_4,157384.31068676396
165,10000,5e-08,1e-05,500,pade4_2,163593.46262429113
166,10000,5e-08,1e-05,500,pade5_3,166837.53432203352
167,10000,5e-08,1e-05,500,pade6_4,166114.0426007522
168,10000,5e-08,1e-05,5000,pade4_2,196775.04974205943
169,10000,5e-08,1e-05,5000,pade5_3,222354.73093420814
170,10000,5e-08,1e-05,5000,pade6_4,212089.27219302946
171,10000,5e-08,0.0001,50,pade4_2,133994.5043297436
172,10000,5e-08,0.0001,50,pade5_3,133863.41575582203
173,10000,5e-08,0.0001,50,pade6_4,137397.61365583458
174,10000,5e-08,0.0001,500,pade4_2,131757.79881537348
175,10000,5e-08,0.0001,500,pade5_3,142581.50366454173
176,10000,5e-08,0.0001,500,pade6_4,131618.98480557094
177,10000,5e-08,0.0001,5000,pade4_2,153022.7475126862
178,10000,5e-08,0.0001,5000,pade5_3,137908.32920497228
179,10000,5e-08,0.0001,5000,pade6_4,153213.25721787254
180,10000,5e-08,0.001,50,pade4_2,135558.88932142928
181,10000,5e-08,0.001,50,pade5_3,131903.3194788428
182,10000,5e-08,0.001,50,pade6_4,130850.244137503
183,10000,5e-08,0.001,500,pade4_2,144014.22800892583
184,10000,5e-08,0.001,500,pade5_3,159523.1032095121
185,10000,5e-08,0.001,500,pade6_4,141170.62940158093
186,10000,5e-08,0.001,5000,pade4_2,198018.3923966202
187,10000,5e-08,0.001,5000,pade5_3,144594.24592399847
188,10000,5e-08,0.001,5000,pade6_4,147624.45305998166
189,10000,5e-07,1e-05,50,pade4_2,163798.34564530288
190,10000,5e-07,1e-05,50,pade5_3,159203.81029925717
191,10000,5e-07,1e-05,50,pade6_4,162507.85631952697
192,10000,5e-07,1e-05,500,pade4_2,169602.4122577147
193,10000,5e-07,1e-05,500,pade5_3,165078.03230583854
194,10000,5e-07,1e-05,500,pade6_4,170904.75420649463
195,10000,5e-07,1e-05,5000,pade4_2,1.1559158028994468e+164
196,10000,5e-07,1e-05,5000,pade5_3,223543.68316699067
197,10000,5e-07,1e-05,5000,pade6_4,199169.65993046146
198,10000,5e-07,0.0001,50,pade4_2,141094.7014467797
199,10000,5e-07,0.0001,50,pade5_3,140509.0208004298
200,10000,5e-07,0.0001,50,pade6_4,140599.51015194526
201,10000,5e-07,0.0001,500,pade4_2,138115.5001740997
202,10000,5e-07,0.0001,500,pade5_3,150934.76984745057
203,10000,5e-07,0.0001,500,pade6_4,138192.60300466997
204,10000,5e-07,0.0001,5000,pade4_2,154008.7674877872
205,10000,5e-07,0.0001,5000,pade5_3,154888.5433531002
206,10000,5e-07,0.0001,5000,pade6_4,165162.00257787973
207,10000,5e-07,0.001,50,pade4_2,150307.74246347122
208,10000,5e-07,0.001,50,pade5_3,148052.02938737386
209,10000,5e-07,0.001,50,pade6_4,142396.03910425858
210,10000,5e-07,0.001,500,pade4_2,179638.60225110318
211,10000,5e-07,0.001,500,pade5_3,194435.32088287812
212,10000,5e-07,0.001,500,pade6_4,147231.1273899696
213,10000,5e-07,0.001,5000,pade4_2,176819.8986027164
214,10000,5e-07,0.001,5000,pade5_3,209659.45804075262
215,10000,5e-07,0.001,5000,pade6_4,139923.3457508813
216,10000,5e-06,1e-05,50,pade4_2,168637.78344734246
217,10000,5e-06,1e-05,50,pade5_3,157632.76851702828
218,10000,5e-06,1e-05,50,pade6_4,163914.46120473102
219,10000,5e-06,1e-05,500,pade4_2,171638.99289860984
220,10000,5e-06,1e-05,500,pade5_3,1.5355011222025725e+37
221,10000,5e-06,1e-05,500,pade6_4,161888.5338611453
222,10000,5e-06,1e-05,5000,pade4_2,2.2161970984088914e+36
223,10000,5e-06,1e-05,5000,pade5_3,1.1831036717304222e+21
224,10000,5e-06,1e-05,5000,pade6_4,5.122185896488615e+30
225,10000,5e-06,0.0001,50,pade4_2,152139.18371780342
226,10000,5e-06,0.0001,50,pade5_3,135584.5368308054
227,10000,5e-06,0.0001,50,pade6_4,139134.65670958272
228,10000,5e-06,0.0001,500,pade4_2,158015.73452196998
229,10000,5e-06,0.0001,500,pade5_3,161697.46678307065
230,10000,5e-06,0.0001,500,pade6_4,167573.63095284186
231,10000,5e-06,0.0001,5000,pade4_2,170915.60352693486
232,10000,5e-06,0.0001,5000,pade5_3,134895.93138068073
233,10000,5e-06,0.0001,5000,pade6_4,167538.87969904285
234,10000,5e-06,0.001,50,pade4_2,172553.66781913937
235,10000,5e-06,0.001,50,pade5_3,170668.72573914204
236,10000,5e-06,0.001,50,pade6_4,147192.61911131677
237,10000,5e-06,0.001,500,pade4_2,226981.24864889227
238,10000,5e-06,0.001,500,pade5_3,186650.8799206058
239,10000,5e-06,0.001,500,pade6_4,222890.11757692826
240,10000,5e-06,0.001,5000,pade4_2,136014.48754360882
241,10000,5e-06,0.001,5000,pade5_3,138831.13461384532
242,10000,5e-06,0.001,5000,pade6_4,134620.1925018736
