,Nfpts,forwardStep,forwardN,func,prediction
0,1000,1e-05,50,pade4_2,381587.4810260274
1,1000,1e-05,50,pade5_3,379006.30419254483
2,1000,1e-05,50,pade6_4,397002.75916986325
3,1000,1e-05,500,pade4_2,373852.60659186594
4,1000,1e-05,500,pade5_3,374039.5143108116
5,1000,1e-05,500,pade6_4,373914.30627243465
6,1000,1e-05,5000,pade4_2,364455.96409198194
7,1000,1e-05,5000,pade5_3,388330.9465155391
8,1000,1e-05,5000,pade6_4,388319.29117496713
9,1000,0.0001,50,pade4_2,287471.2659571355
10,1000,0.0001,50,pade5_3,331093.3455181424
11,1000,0.0001,50,pade6_4,325932.4843938963
12,1000,0.0001,500,pade4_2,312983.8238669259
13,1000,0.0001,500,pade5_3,338294.6110024149
14,1000,0.0001,500,pade6_4,297414.268820799
15,1000,0.0001,5000,pade4_2,326496.18783762434
16,1000,0.0001,5000,pade5_3,298320.27543580584
17,1000,0.0001,5000,pade6_4,419091.6174587502
18,1000,0.001,50,pade4_2,132043.56589386848
19,1000,0.001,50,pade5_3,143625.88458971912
20,1000,0.001,50,pade6_4,133618.24368286302
21,1000,0.001,500,pade4_2,231412.43228886847
22,1000,0.001,500,pade5_3,339247.55885511683
23,1000,0.001,500,pade6_4,307923.5375301724
24,1000,0.001,5000,pade4_2,308506.59483612824
25,1000,0.001,5000,pade5_3,344027.26069290895
26,1000,0.001,5000,pade6_4,247840.528493164
27,5000,1e-05,50,pade4_2,352060.52615174785
28,5000,1e-05,50,pade5_3,413766.60790742235
29,5000,1e-05,50,pade6_4,455605.5082817945
30,5000,1e-05,500,pade4_2,382534.8534621221
31,5000,1e-05,500,pade5_3,383960.88276633463
32,5000,1e-05,500,pade6_4,484097.5202055095
33,5000,1e-05,5000,pade4_2,384465.60472746904
34,5000,1e-05,5000,pade5_3,404147.8154728394
35,5000,1e-05,5000,pade6_4,401190.72857820394
36,5000,0.0001,50,pade4_2,312477.72159055306
37,5000,0.0001,50,pade5_3,637690.4302983487
38,5000,0.0001,50,pade6_4,274239.2698495723
39,5000,0.0001,500,pade4_2,290510.3507792558
40,5000,0.0001,500,pade5_3,347416.04503418953
41,5000,0.0001,500,pade6_4,424472.2140133008
42,5000,0.0001,5000,pade4_2,342234.33550330857
43,5000,0.0001,5000,pade5_3,387585.3207279371
44,5000,0.0001,5000,pade6_4,333554.7282472428
45,5000,0.001,50,pade4_2,129231.02846150157
46,5000,0.001,50,pade5_3,129717.50853391059
47,5000,0.001,50,pade6_4,131164.10900391254
48,5000,0.001,500,pade4_2,359065.1694477255
49,5000,0.001,500,pade5_3,292309.8488078354
50,5000,0.001,500,pade6_4,285335.27491667226
51,5000,0.001,5000,pade4_2,314615.3536565724
52,5000,0.001,5000,pade5_3,337398.39014506777
53,5000,0.001,5000,pade6_4,315501.8675601846
54,10000,1e-05,50,pade4_2,356092.06432823313
55,10000,1e-05,50,pade5_3,334365.2135196163
56,10000,1e-05,50,pade6_4,401833.4353219986
57,10000,1e-05,500,pade4_2,307742.0437841938
58,10000,1e-05,500,pade5_3,386896.6992100821
59,10000,1e-05,500,pade6_4,366217.8362427249
60,10000,1e-05,5000,pade4_2,356895.5781306069
61,10000,1e-05,5000,pade5_3,380362.9168562209
62,10000,1e-05,5000,pade6_4,388045.8613090134
63,10000,0.0001,50,pade4_2,328475.0862039341
64,10000,0.0001,50,pade5_3,339485.80218805996
65,10000,0.0001,50,pade6_4,284631.8985965731
66,10000,0.0001,500,pade4_2,321463.79114611464
67,10000,0.0001,500,pade5_3,336008.87608887133
68,10000,0.0001,500,pade6_4,334471.51874340617
69,10000,0.0001,5000,pade4_2,337290.8017012432
70,10000,0.0001,5000,pade5_3,309495.14431656286
71,10000,0.0001,5000,pade6_4,62208324.84054571
72,10000,0.001,50,pade4_2,139061.0614093666
73,10000,0.001,50,pade5_3,141359.80488489429
74,10000,0.001,50,pade6_4,157591.62765318694
75,10000,0.001,500,pade4_2,325893.61858833535
76,10000,0.001,500,pade5_3,296770.4289901485
77,10000,0.001,500,pade6_4,304807.2045478151
78,10000,0.001,5000,pade4_2,228756.0097322888
79,10000,0.001,5000,pade5_3,321112.93288894533
80,10000,0.001,5000,pade6_4,315279.05233045877
