,Nfpts,stepSize,forwardStep,forwardN,func,prediction
0,1000,5e-08,1e-05,50,pade4_2,264453.42708570755
1,1000,5e-08,1e-05,50,pade5_3,455326.7495249245
2,1000,5e-08,1e-05,50,pade6_4,211302.0300120678
3,1000,5e-08,1e-05,500,pade4_2,246063.51174598598
4,1000,5e-08,1e-05,500,pade5_3,265310.5095321577
5,1000,5e-08,1e-05,500,pade6_4,290906.9333453158
6,1000,5e-08,1e-05,5000,pade4_2,263314.8588314362
7,1000,5e-08,1e-05,5000,pade5_3,251563.9935621487
8,1000,5e-08,1e-05,5000,pade6_4,245889.8672089539
9,1000,5e-08,0.0001,50,pade4_2,1.446367697769837e+30
10,1000,5e-08,0.0001,50,pade5_3,1.3285885598339315e+18
11,1000,5e-08,0.0001,50,pade6_4,237360.03153693987
12,1000,5e-08,0.0001,500,pade4_2,inf
13,1000,5e-08,0.0001,500,pade5_3,5.0937746991942616e+29
14,1000,5e-08,0.0001,500,pade6_4,9.259967995752051e+22
15,1000,5e-08,0.0001,5000,pade4_2,5.855974687104333e+55
16,1000,5e-08,0.0001,5000,pade5_3,inf
17,1000,5e-08,0.0001,5000,pade6_4,2.4459481785116923e+75
18,1000,5e-08,0.001,50,pade4_2,173619.7279179826
19,1000,5e-08,0.001,50,pade5_3,168694.2257365086
20,1000,5e-08,0.001,50,pade6_4,177459.82496691597
21,1000,5e-08,0.001,500,pade4_2,2.0785690737999144e+119
22,1000,5e-08,0.001,500,pade5_3,384059.9393564905
23,1000,5e-08,0.001,500,pade6_4,204424.64453302335
24,1000,5e-08,0.001,5000,pade4_2,1.9985245856286271e+40
25,1000,5e-08,0.001,5000,pade5_3,199609.74020608325
26,1000,5e-08,0.001,5000,pade6_4,280925.7825076168
27,1000,5e-07,1e-05,50,pade4_2,265908.7235798586
28,1000,5e-07,1e-05,50,pade5_3,271529.50338186556
29,1000,5e-07,1e-05,50,pade6_4,261303.00949078822
30,1000,5e-07,1e-05,500,pade4_2,255522.3363971126
31,1000,5e-07,1e-05,500,pade5_3,258513.50663114546
32,1000,5e-07,1e-05,500,pade6_4,243674.67753437793
33,1000,5e-07,1e-05,5000,pade4_2,241302.83661741373
34,1000,5e-07,1e-05,5000,pade5_3,252113.52683858795
35,1000,5e-07,1e-05,5000,pade6_4,253504.36285498366
36,1000,5e-07,0.0001,50,pade4_2,301195.4882015506
37,1000,5e-07,0.0001,50,pade5_3,238920.0173902081
38,1000,5e-07,0.0001,50,pade6_4,1.2836603415696027e+22
39,1000,5e-07,0.0001,500,pade4_2,2.384436267431037e+40
40,1000,5e-07,0.0001,500,pade5_3,2.5172699318185393e+78
41,1000,5e-07,0.0001,500,pade6_4,1.7187293399866807e+52
42,1000,5e-07,0.0001,5000,pade4_2,8.946748876717973e+24
43,1000,5e-07,0.0001,5000,pade5_3,6.658423708292628e+84
44,1000,5e-07,0.0001,5000,pade6_4,1.7241511267940908e+18
45,1000,5e-07,0.001,50,pade4_2,220316.1952374228
46,1000,5e-07,0.001,50,pade5_3,185844.07903176526
47,1000,5e-07,0.001,50,pade6_4,210670.44539372224
48,1000,5e-07,0.001,500,pade4_2,inf
49,1000,5e-07,0.001,500,pade5_3,202053.58038187693
50,1000,5e-07,0.001,500,pade6_4,250447.61403554457
51,1000,5e-07,0.001,5000,pade4_2,5.1553756265193184e+100
52,1000,5e-07,0.001,5000,pade5_3,181911.39476480728
53,1000,5e-07,0.001,5000,pade6_4,203922.64512033813
54,1000,5e-06,1e-05,50,pade4_2,265465.3860013343
55,1000,5e-06,1e-05,50,pade5_3,204913.86177367085
56,1000,5e-06,1e-05,50,pade6_4,536262.1760723761
57,1000,5e-06,1e-05,500,pade4_2,277266.45266930736
58,1000,5e-06,1e-05,500,pade5_3,242914.66971229433
59,1000,5e-06,1e-05,500,pade6_4,239604.2983200928
60,1000,5e-06,1e-05,5000,pade4_2,232324.72137927992
61,1000,5e-06,1e-05,5000,pade5_3,298889.65641628485
62,1000,5e-06,1e-05,5000,pade6_4,234169.44079391935
63,1000,5e-06,0.0001,50,pade4_2,98924787626770.69
64,1000,5e-06,0.0001,50,pade5_3,2.506773626102541e+16
65,1000,5e-06,0.0001,50,pade6_4,188048.76976328884
66,1000,5e-06,0.0001,500,pade4_2,5.778569090131793e+20
67,1000,5e-06,0.0001,500,pade5_3,14403387722810.98
68,1000,5e-06,0.0001,500,pade6_4,7120837.493047823
69,1000,5e-06,0.0001,5000,pade4_2,514651449306.5589
70,1000,5e-06,0.0001,5000,pade5_3,212821291436.58374
71,1000,5e-06,0.0001,5000,pade6_4,15047204210010.559
72,1000,5e-06,0.001,50,pade4_2,24724487606840.76
73,1000,5e-06,0.001,50,pade5_3,95745973815517.55
74,1000,5e-06,0.001,50,pade6_4,102673968986943.89
75,1000,5e-06,0.001,500,pade4_2,127682143403918.38
76,1000,5e-06,0.001,500,pade5_3,383475.19476046384
77,1000,5e-06,0.001,500,pade6_4,25297910.332123976
78,1000,5e-06,0.001,5000,pade4_2,5851380846385241.0
79,1000,5e-06,0.001,5000,pade5_3,198687.06702001664
80,1000,5e-06,0.001,5000,pade6_4,192154.14400396886
81,5000,5e-08,1e-05,50,pade4_2,183198.25227992545
82,5000,5e-08,1e-05,50,pade5_3,182047.49634289346
83,5000,5e-08,1e-05,50,pade6_4,184361.70509977773
84,5000,5e-08,1e-05,500,pade4_2,186684.5436145229
85,5000,5e-08,1e-05,500,pade5_3,183681.739393206
86,5000,5e-08,1e-05,500,pade6_4,184720.56365822282
87,5000,5e-08,1e-05,5000,pade4_2,195337.54374172352
88,5000,5e-08,1e-05,5000,pade5_3,201750.71331502235
89,5000,5e-08,1e-05,5000,pade6_4,206851.1100826848
90,5000,5e-08,0.0001,50,pade4_2,205436.85605521093
91,5000,5e-08,0.0001,50,pade5_3,167383.9193929682
92,5000,5e-08,0.0001,50,pade6_4,180938.19483251625
93,5000,5e-08,0.0001,500,pade4_2,1.7517068410709664e+56
94,5000,5e-08,0.0001,500,pade5_3,3.01042064354984e+79
95,5000,5e-08,0.0001,500,pade6_4,1.5694890213117348e+30
96,5000,5e-08,0.0001,5000,pade4_2,1.0883629853928243e+180
97,5000,5e-08,0.0001,5000,pade5_3,2.6150078510363595e+49
98,5000,5e-08,0.0001,5000,pade6_4,1.339746197834159e+115
99,5000,5e-08,0.001,50,pade4_2,160463.40474524844
100,5000,5e-08,0.001,50,pade5_3,180643.2016768982
101,5000,5e-08,0.001,50,pade6_4,155914.37017291918
102,5000,5e-08,0.001,500,pade4_2,238337.36261573902
103,5000,5e-08,0.001,500,pade5_3,161289.63552460328
104,5000,5e-08,0.001,500,pade6_4,173123.04051058358
105,5000,5e-08,0.001,5000,pade4_2,inf
106,5000,5e-08,0.001,5000,pade5_3,170815.69332471988
107,5000,5e-08,0.001,5000,pade6_4,168467.446346081
108,5000,5e-07,1e-05,50,pade4_2,182338.77212780234
109,5000,5e-07,1e-05,50,pade5_3,183826.42550331785
110,5000,5e-07,1e-05,50,pade6_4,181326.14832577234
111,5000,5e-07,1e-05,500,pade4_2,186022.61942062606
112,5000,5e-07,1e-05,500,pade5_3,185062.3930804037
113,5000,5e-07,1e-05,500,pade6_4,187113.28727977214
114,5000,5e-07,1e-05,5000,pade4_2,201494.65868178697
115,5000,5e-07,1e-05,5000,pade5_3,222926.68484701923
116,5000,5e-07,1e-05,5000,pade6_4,219996.45978043575
117,5000,5e-07,0.0001,50,pade4_2,193379.8919886808
118,5000,5e-07,0.0001,50,pade5_3,177996.6786550213
119,5000,5e-07,0.0001,50,pade6_4,inf
120,5000,5e-07,0.0001,500,pade4_2,2.5296924028614066e+152
121,5000,5e-07,0.0001,500,pade5_3,10984220921033.617
122,5000,5e-07,0.0001,500,pade6_4,5.327904769711746e+27
123,5000,5e-07,0.0001,5000,pade4_2,1.5378581085870944e+33
124,5000,5e-07,0.0001,5000,pade5_3,1.2541260618964355e+71
125,5000,5e-07,0.0001,5000,pade6_4,3.877926673737818e+17
126,5000,5e-07,0.001,50,pade4_2,174862.60819944268
127,5000,5e-07,0.001,50,pade5_3,172052.53416417487
128,5000,5e-07,0.001,50,pade6_4,270000.66815145925
129,5000,5e-07,0.001,500,pade4_2,528963.2649370501
130,5000,5e-07,0.001,500,pade5_3,191613.92037252465
131,5000,5e-07,0.001,500,pade6_4,194134.25445620948
132,5000,5e-07,0.001,5000,pade4_2,624888.5137785397
133,5000,5e-07,0.001,5000,pade5_3,158337.07048350555
134,5000,5e-07,0.001,5000,pade6_4,159956.04698010406
135,5000,5e-06,1e-05,50,pade4_2,178806.41566589804
136,5000,5e-06,1e-05,50,pade5_3,178966.28010255672
137,5000,5e-06,1e-05,50,pade6_4,178747.49062799502
138,5000,5e-06,1e-05,500,pade4_2,197097.04719996077
139,5000,5e-06,1e-05,500,pade5_3,181793.8889815898
140,5000,5e-06,1e-05,500,pade6_4,183571.83522221434
141,5000,5e-06,1e-05,5000,pade4_2,195570.31121905908
142,5000,5e-06,1e-05,5000,pade5_3,675053802.2296829
143,5000,5e-06,1e-05,5000,pade6_4,195754.40163728478
144,5000,5e-06,0.0001,50,pade4_2,170583.55591318043
145,5000,5e-06,0.0001,50,pade5_3,3701510.4259848623
146,5000,5e-06,0.0001,50,pade6_4,124732375003639.17
147,5000,5e-06,0.0001,500,pade4_2,177328358673.29724
148,5000,5e-06,0.0001,500,pade5_3,367794075971983.0
149,5000,5e-06,0.0001,500,pade6_4,11151698.785165956
150,5000,5e-06,0.0001,5000,pade4_2,7797525024707068.0
151,5000,5e-06,0.0001,5000,pade5_3,6.97580804509844e+16
152,5000,5e-06,0.0001,5000,pade6_4,246130.1596348431
153,5000,5e-06,0.001,50,pade4_2,276912.25566198654
154,5000,5e-06,0.001,50,pade5_3,126286099487634.8
155,5000,5e-06,0.001,50,pade6_4,34786458.60047812
156,5000,5e-06,0.001,500,pade4_2,168690.55077409022
157,5000,5e-06,0.001,500,pade5_3,171948.21369853648
158,5000,5e-06,0.001,500,pade6_4,700189329388600.2
159,5000,5e-06,0.001,5000,pade4_2,242906.68584376742
160,5000,5e-06,0.001,5000,pade5_3,171148.5353872631
161,5000,5e-06,0.001,5000,pade6_4,157883.4216055841
162,10000,5e-08,1e-05,50,pade4_2,180662.34152320583
163,10000,5e-08,1e-05,50,pade5_3,179993.22764736315
164,10000,5e-08,1e-05,50,pade6_4,180978.57866096872
165,10000,5e-08,1e-05,500,pade4_2,183618.54447274192
166,10000,5e-08,1e-05,500,pade5_3,181768.50669009236
167,10000,5e-08,1e-05,500,pade6_4,183238.8494206512
168,10000,5e-08,1e-05,5000,pade4_2,192672.05277138762
169,10000,5e-08,1e-05,5000,pade5_3,197606.08388590184
170,10000,5e-08,1e-05,5000,pade6_4,202604.59506634052
171,10000,5e-08,0.0001,50,pade4_2,158213.943782803
172,10000,5e-08,0.0001,50,pade5_3,157845.0549402511
173,10000,5e-08,0.0001,50,pade6_4,158321.34429927726
174,10000,5e-08,0.0001,500,pade4_2,160405.2199119593
175,10000,5e-08,0.0001,500,pade5_3,159580.81850685694
176,10000,5e-08,0.0001,500,pade6_4,160327.04176947454
177,10000,5e-08,0.0001,5000,pade4_2,158186.1430056189
178,10000,5e-08,0.0001,5000,pade5_3,159836.13060715393
179,10000,5e-08,0.0001,5000,pade6_4,159831.88525236186
180,10000,5e-08,0.001,50,pade4_2,172560.97499716553
181,10000,5e-08,0.001,50,pade5_3,161648.74495674451
182,10000,5e-08,0.001,50,pade6_4,156914.65136510195
183,10000,5e-08,0.001,500,pade4_2,331583.7516609604
184,10000,5e-08,0.001,500,pade5_3,210440.39517684295
185,10000,5e-08,0.001,500,pade6_4,167742.88292655232
186,10000,5e-08,0.001,5000,pade4_2,6.577367989076197e+76
187,10000,5e-08,0.001,5000,pade5_3,169137.17752210906
188,10000,5e-08,0.001,5000,pade6_4,221836.37071425957
189,10000,5e-07,1e-05,50,pade4_2,177291.54938519158
190,10000,5e-07,1e-05,50,pade5_3,177646.12506907614
191,10000,5e-07,1e-05,50,pade6_4,178993.2808823857
192,10000,5e-07,1e-05,500,pade4_2,182251.22358454054
193,10000,5e-07,1e-05,500,pade5_3,187469.01369466685
194,10000,5e-07,1e-05,500,pade6_4,185888.68406876404
195,10000,5e-07,1e-05,5000,pade4_2,204128.18871276977
196,10000,5e-07,1e-05,5000,pade5_3,224434.36893873318
197,10000,5e-07,1e-05,5000,pade6_4,874635.9629851638
198,10000,5e-07,0.0001,50,pade4_2,158930.25065253614
199,10000,5e-07,0.0001,50,pade5_3,158579.0146525373
200,10000,5e-07,0.0001,50,pade6_4,159336.57085318095
201,10000,5e-07,0.0001,500,pade4_2,158156.67046710788
202,10000,5e-07,0.0001,500,pade5_3,164372.71527415683
203,10000,5e-07,0.0001,500,pade6_4,159984.11079224205
204,10000,5e-07,0.0001,5000,pade4_2,173552.868179829
205,10000,5e-07,0.0001,5000,pade5_3,169113.40938298227
206,10000,5e-07,0.0001,5000,pade6_4,169044.8507117556
207,10000,5e-07,0.001,50,pade4_2,430137.11565677007
208,10000,5e-07,0.001,50,pade5_3,6.748094353671182e+58
209,10000,5e-07,0.001,50,pade6_4,324288.6807066562
210,10000,5e-07,0.001,500,pade4_2,1.9709012441068898e+51
211,10000,5e-07,0.001,500,pade5_3,169754.04186037506
212,10000,5e-07,0.001,500,pade6_4,173035.39959308252
213,10000,5e-07,0.001,5000,pade4_2,3.5634013190898405e+105
214,10000,5e-07,0.001,5000,pade5_3,288655.44792160095
215,10000,5e-07,0.001,5000,pade6_4,163353.62865582848
216,10000,5e-06,1e-05,50,pade4_2,176926.56467485664
217,10000,5e-06,1e-05,50,pade5_3,176845.19940852735
218,10000,5e-06,1e-05,50,pade6_4,182814.12548871705
219,10000,5e-06,1e-05,500,pade4_2,180401.82305040653
220,10000,5e-06,1e-05,500,pade5_3,179053.37131570524
221,10000,5e-06,1e-05,500,pade6_4,179007.6513380211
222,10000,5e-06,1e-05,5000,pade4_2,216966.04556257933
223,10000,5e-06,1e-05,5000,pade5_3,301938.88055351743
224,10000,5e-06,1e-05,5000,pade6_4,199178.84409102838
225,10000,5e-06,0.0001,50,pade4_2,160115.1714334892
226,10000,5e-06,0.0001,50,pade5_3,160016.09444098914
227,10000,5e-06,0.0001,50,pade6_4,160023.24711965342
228,10000,5e-06,0.0001,500,pade4_2,171201.8261536587
229,10000,5e-06,0.0001,500,pade5_3,175818.17859664495
230,10000,5e-06,0.0001,500,pade6_4,169088.5002075771
231,10000,5e-06,0.0001,5000,pade4_2,185863.30665715193
232,10000,5e-06,0.0001,5000,pade5_3,178089.66603377817
233,10000,5e-06,0.0001,5000,pade6_4,168605.19600885082
234,10000,5e-06,0.001,50,pade4_2,284504390079743.3
235,10000,5e-06,0.001,50,pade5_3,715433.9989435045
236,10000,5e-06,0.001,50,pade6_4,6.258124757791813e+17
237,10000,5e-06,0.001,500,pade4_2,215058.0292402029
238,10000,5e-06,0.001,500,pade5_3,162985.86863007626
239,10000,5e-06,0.001,500,pade6_4,3479790863977.893
240,10000,5e-06,0.001,5000,pade4_2,178533.69318237374
241,10000,5e-06,0.001,5000,pade5_3,178135.49514609276
242,10000,5e-06,0.001,5000,pade6_4,1.0043435627159565e+18
