,Nfpts,stepSize,forwardStep,forwardN,func,prediction
0,1000,5e-08,1e-05,50,pade4_2,inf
1,1000,5e-08,1e-05,50,pade5_3,inf
2,1000,5e-08,1e-05,50,pade6_4,inf
3,1000,5e-08,1e-05,500,pade4_2,1.596257239299661e+125
4,1000,5e-08,1e-05,500,pade5_3,3.0375688082144073e+156
5,1000,5e-08,1e-05,500,pade6_4,1.1337210756892146e+49
6,1000,5e-08,1e-05,5000,pade4_2,802995.1047101171
7,1000,5e-08,1e-05,5000,pade5_3,744782.9142801634
8,1000,5e-08,1e-05,5000,pade6_4,528219.4243822346
9,1000,5e-08,0.0001,50,pade4_2,141475.13337179142
10,1000,5e-08,0.0001,50,pade5_3,142389.98133952313
11,1000,5e-08,0.0001,50,pade6_4,140960.30761782467
12,1000,5e-08,0.0001,500,pade4_2,142180.2734958088
13,1000,5e-08,0.0001,500,pade5_3,156693.3266188868
14,1000,5e-08,0.0001,500,pade6_4,157760.0772354837
15,1000,5e-08,0.0001,5000,pade4_2,190222.8155219301
16,1000,5e-08,0.0001,5000,pade5_3,195611.60922233664
17,1000,5e-08,0.0001,5000,pade6_4,183210.17213909407
18,1000,5e-08,0.001,50,pade4_2,155943.8813104565
19,1000,5e-08,0.001,50,pade5_3,147117.0066359555
20,1000,5e-08,0.001,50,pade6_4,137086.4255180469
21,1000,5e-08,0.001,500,pade4_2,188920.77030174033
22,1000,5e-08,0.001,500,pade5_3,187214.62785342158
23,1000,5e-08,0.001,500,pade6_4,156778.50161108232
24,1000,5e-08,0.001,5000,pade4_2,254690.19647389188
25,1000,5e-08,0.001,5000,pade5_3,287204.009873792
26,1000,5e-08,0.001,5000,pade6_4,218236.71758867157
27,1000,5e-07,1e-05,50,pade4_2,2.9472604741293234e+72
28,1000,5e-07,1e-05,50,pade5_3,inf
29,1000,5e-07,1e-05,50,pade6_4,inf
30,1000,5e-07,1e-05,500,pade4_2,419833.8254450082
31,1000,5e-07,1e-05,500,pade5_3,1509713.9471513212
32,1000,5e-07,1e-05,500,pade6_4,inf
33,1000,5e-07,1e-05,5000,pade4_2,1.9560832119184335e+48
34,1000,5e-07,1e-05,5000,pade5_3,1.3731940000810471e+76
35,1000,5e-07,1e-05,5000,pade6_4,inf
36,1000,5e-07,0.0001,50,pade4_2,152917.60835568802
37,1000,5e-07,0.0001,50,pade5_3,157548.38507733963
38,1000,5e-07,0.0001,50,pade6_4,173705.1267534326
39,1000,5e-07,0.0001,500,pade4_2,193076.89585740425
40,1000,5e-07,0.0001,500,pade5_3,196903.60468670572
41,1000,5e-07,0.0001,500,pade6_4,227059.34346973855
42,1000,5e-07,0.0001,5000,pade4_2,465375.3369061672
43,1000,5e-07,0.0001,5000,pade5_3,150350.78583026901
44,1000,5e-07,0.0001,5000,pade6_4,446215.4282953133
45,1000,5e-07,0.001,50,pade4_2,187656.584852169
46,1000,5e-07,0.001,50,pade5_3,187436.66259673555
47,1000,5e-07,0.001,50,pade6_4,158252.2609510526
48,1000,5e-07,0.001,500,pade4_2,251440.37824727417
49,1000,5e-07,0.001,500,pade5_3,313186.1747863247
50,1000,5e-07,0.001,500,pade6_4,189850.6255298859
51,1000,5e-07,0.001,5000,pade4_2,288756.85245352477
52,1000,5e-07,0.001,5000,pade5_3,391569.9241087544
53,1000,5e-07,0.001,5000,pade6_4,228975.00426682807
54,1000,5e-06,1e-05,50,pade4_2,573187400.72874
55,1000,5e-06,1e-05,50,pade5_3,706883655.5979105
56,1000,5e-06,1e-05,50,pade6_4,547672.5236640662
57,1000,5e-06,1e-05,500,pade4_2,445451.73814666935
58,1000,5e-06,1e-05,500,pade5_3,2761982267.851134
59,1000,5e-06,1e-05,500,pade6_4,1.1191674678444291e+33
60,1000,5e-06,1e-05,5000,pade4_2,1.2067143239621149e+17
61,1000,5e-06,1e-05,5000,pade5_3,38802843.73683358
62,1000,5e-06,1e-05,5000,pade6_4,4.4444013869839794e+27
63,1000,5e-06,0.0001,50,pade4_2,168323.52814903812
64,1000,5e-06,0.0001,50,pade5_3,103225457.60370766
65,1000,5e-06,0.0001,50,pade6_4,468910.144663959
66,1000,5e-06,0.0001,500,pade4_2,54725715.70026477
67,1000,5e-06,0.0001,500,pade5_3,514212.4545910727
68,1000,5e-06,0.0001,500,pade6_4,11556100397.144945
69,1000,5e-06,0.0001,5000,pade4_2,332934973.5699944
70,1000,5e-06,0.0001,5000,pade5_3,239033304.94749364
71,1000,5e-06,0.0001,5000,pade6_4,3347203502064.661
72,1000,5e-06,0.001,50,pade4_2,392610.2122893617
73,1000,5e-06,0.001,50,pade5_3,232206.50698073258
74,1000,5e-06,0.001,50,pade6_4,235006.51239969203
75,1000,5e-06,0.001,500,pade4_2,1354624.8061193926
76,1000,5e-06,0.001,500,pade5_3,394435.4543719048
77,1000,5e-06,0.001,500,pade6_4,1016397.5659450333
78,1000,5e-06,0.001,5000,pade4_2,483978.44623621745
79,1000,5e-06,0.001,5000,pade5_3,246959.85953849947
80,1000,5e-06,0.001,5000,pade6_4,510579.0075598704
81,5000,5e-08,1e-05,50,pade4_2,3.3538027987342424e+118
82,5000,5e-08,1e-05,50,pade5_3,inf
83,5000,5e-08,1e-05,50,pade6_4,4.177814576533674e+19
84,5000,5e-08,1e-05,500,pade4_2,1.8746945436989073e+102
85,5000,5e-08,1e-05,500,pade5_3,1.012703258629834e+76
86,5000,5e-08,1e-05,500,pade6_4,7.655252056766452e+93
87,5000,5e-08,1e-05,5000,pade4_2,472559.9607623491
88,5000,5e-08,1e-05,5000,pade5_3,255542.01393101056
89,5000,5e-08,1e-05,5000,pade6_4,287273.0862572345
90,5000,5e-08,0.0001,50,pade4_2,140088.71540090558
91,5000,5e-08,0.0001,50,pade5_3,138136.09779501846
92,5000,5e-08,0.0001,50,pade6_4,140507.69202281727
93,5000,5e-08,0.0001,500,pade4_2,142892.66430563357
94,5000,5e-08,0.0001,500,pade5_3,148180.5513340332
95,5000,5e-08,0.0001,500,pade6_4,146717.15168523655
96,5000,5e-08,0.0001,5000,pade4_2,140790.54637275974
97,5000,5e-08,0.0001,5000,pade5_3,140013.9212634922
98,5000,5e-08,0.0001,5000,pade6_4,157029.75600825486
99,5000,5e-08,0.001,50,pade4_2,161089.24050057703
100,5000,5e-08,0.001,50,pade5_3,145273.54325201092
101,5000,5e-08,0.001,50,pade6_4,139060.36600682884
102,5000,5e-08,0.001,500,pade4_2,214237.01797158315
103,5000,5e-08,0.001,500,pade5_3,212027.91390148448
104,5000,5e-08,0.001,500,pade6_4,168630.6994623322
105,5000,5e-08,0.001,5000,pade4_2,228431.24070218345
106,5000,5e-08,0.001,5000,pade5_3,228542.4730540415
107,5000,5e-08,0.001,5000,pade6_4,146490.86684065638
108,5000,5e-07,1e-05,50,pade4_2,2.150628147153296e+19
109,5000,5e-07,1e-05,50,pade5_3,1618176.122299605
110,5000,5e-07,1e-05,50,pade6_4,7.932128970879025e+134
111,5000,5e-07,1e-05,500,pade4_2,1730108.4904518032
112,5000,5e-07,1e-05,500,pade5_3,370010.07818897476
113,5000,5e-07,1e-05,500,pade6_4,321179.2738525247
114,5000,5e-07,1e-05,5000,pade4_2,331425.8133682825
115,5000,5e-07,1e-05,5000,pade5_3,344298.0657558529
116,5000,5e-07,1e-05,5000,pade6_4,319064.34700939286
117,5000,5e-07,0.0001,50,pade4_2,148845.71996600254
118,5000,5e-07,0.0001,50,pade5_3,140042.79862635653
119,5000,5e-07,0.0001,50,pade6_4,140071.73912965122
120,5000,5e-07,0.0001,500,pade4_2,140628.1836657514
121,5000,5e-07,0.0001,500,pade5_3,140116.95034818418
122,5000,5e-07,0.0001,500,pade6_4,156404.0286957161
123,5000,5e-07,0.0001,5000,pade4_2,139311.11468847643
124,5000,5e-07,0.0001,5000,pade5_3,184757.1792094922
125,5000,5e-07,0.0001,5000,pade6_4,138599.34336255497
126,5000,5e-07,0.001,50,pade4_2,201854.4791025052
127,5000,5e-07,0.001,50,pade5_3,208370.14823456277
128,5000,5e-07,0.001,50,pade6_4,167490.99790264826
129,5000,5e-07,0.001,500,pade4_2,208155.47718598737
130,5000,5e-07,0.001,500,pade5_3,238250.04531963504
131,5000,5e-07,0.001,500,pade6_4,171758.38837250238
132,5000,5e-07,0.001,5000,pade4_2,246693.60196935083
133,5000,5e-07,0.001,5000,pade5_3,316076.7949403629
134,5000,5e-07,0.001,5000,pade6_4,186641.975703934
135,5000,5e-06,1e-05,50,pade4_2,375599.8974495643
136,5000,5e-06,1e-05,50,pade5_3,388870.44152523146
137,5000,5e-06,1e-05,50,pade6_4,281385.4720813912
138,5000,5e-06,1e-05,500,pade4_2,1772853.2894639035
139,5000,5e-06,1e-05,500,pade5_3,316391.55403311265
140,5000,5e-06,1e-05,500,pade6_4,241004.27818133586
141,5000,5e-06,1e-05,5000,pade4_2,286313.74430166534
142,5000,5e-06,1e-05,5000,pade5_3,1.1767635817113648e+17
143,5000,5e-06,1e-05,5000,pade6_4,1034069.4684573554
144,5000,5e-06,0.0001,50,pade4_2,140456.67878898262
145,5000,5e-06,0.0001,50,pade5_3,140463.50587883775
146,5000,5e-06,0.0001,50,pade6_4,140464.23088734027
147,5000,5e-06,0.0001,500,pade4_2,139857.01484770194
148,5000,5e-06,0.0001,500,pade5_3,138793.90936505253
149,5000,5e-06,0.0001,500,pade6_4,138793.5619844717
150,5000,5e-06,0.0001,5000,pade4_2,194309.57488028822
151,5000,5e-06,0.0001,5000,pade5_3,138626.26856586523
152,5000,5e-06,0.0001,5000,pade6_4,138627.49084911877
153,5000,5e-06,0.001,50,pade4_2,201599.05718677602
154,5000,5e-06,0.001,50,pade5_3,532018.5310751613
155,5000,5e-06,0.001,50,pade6_4,206209.0935148565
156,5000,5e-06,0.001,500,pade4_2,209597.63029385122
157,5000,5e-06,0.001,500,pade5_3,398442.7913541352
158,5000,5e-06,0.001,500,pade6_4,210409.7127324008
159,5000,5e-06,0.001,5000,pade4_2,271117.5186116812
160,5000,5e-06,0.001,5000,pade5_3,612520.0924169286
161,5000,5e-06,0.001,5000,pade6_4,328634.6106077555
162,10000,5e-08,1e-05,50,pade4_2,5.617409699751456e+19
163,10000,5e-08,1e-05,50,pade5_3,2.1961099956245447e+130
164,10000,5e-08,1e-05,50,pade6_4,5.293075073863848e+171
165,10000,5e-08,1e-05,500,pade4_2,1.6731228090002477e+99
166,10000,5e-08,1e-05,500,pade5_3,931633.2911230355
167,10000,5e-08,1e-05,500,pade6_4,1.1094290651947683e+36
168,10000,5e-08,1e-05,5000,pade4_2,272971.8839065939
169,10000,5e-08,1e-05,5000,pade5_3,251144.5805674467
170,10000,5e-08,1e-05,5000,pade6_4,312900.10594069754
171,10000,5e-08,0.0001,50,pade4_2,138657.85688438345
172,10000,5e-08,0.0001,50,pade5_3,138903.42741932822
173,10000,5e-08,0.0001,50,pade6_4,137807.45255953536
174,10000,5e-08,0.0001,500,pade4_2,139412.37057477303
175,10000,5e-08,0.0001,500,pade5_3,139673.3978964695
176,10000,5e-08,0.0001,500,pade6_4,139693.64486802008
177,10000,5e-08,0.0001,5000,pade4_2,138573.202234657
178,10000,5e-08,0.0001,5000,pade5_3,155275.4190972078
179,10000,5e-08,0.0001,5000,pade6_4,139819.97659169004
180,10000,5e-08,0.001,50,pade4_2,146134.0737483628
181,10000,5e-08,0.001,50,pade5_3,139549.830628795
182,10000,5e-08,0.001,50,pade6_4,135250.09618805177
183,10000,5e-08,0.001,500,pade4_2,223362.45769664
184,10000,5e-08,0.001,500,pade5_3,214756.82533441653
185,10000,5e-08,0.001,500,pade6_4,151176.52632583468
186,10000,5e-08,0.001,5000,pade4_2,215917.4049838168
187,10000,5e-08,0.001,5000,pade5_3,216244.69111986097
188,10000,5e-08,0.001,5000,pade6_4,195620.3315446326
189,10000,5e-07,1e-05,50,pade4_2,2.713774203645237e+16
190,10000,5e-07,1e-05,50,pade5_3,1.9861559644884896e+142
191,10000,5e-07,1e-05,50,pade6_4,inf
192,10000,5e-07,1e-05,500,pade4_2,269085.9179727113
193,10000,5e-07,1e-05,500,pade5_3,280044.5524693299
194,10000,5e-07,1e-05,500,pade6_4,369644.13135233603
195,10000,5e-07,1e-05,5000,pade4_2,330837.722042068
196,10000,5e-07,1e-05,5000,pade5_3,299377.64820510184
197,10000,5e-07,1e-05,5000,pade6_4,363872.88125961187
198,10000,5e-07,0.0001,50,pade4_2,139241.12439078814
199,10000,5e-07,0.0001,50,pade5_3,139595.7298751222
200,10000,5e-07,0.0001,50,pade6_4,138836.00008840545
201,10000,5e-07,0.0001,500,pade4_2,138749.28997014448
202,10000,5e-07,0.0001,500,pade5_3,154483.56982858558
203,10000,5e-07,0.0001,500,pade6_4,156330.55461716925
204,10000,5e-07,0.0001,5000,pade4_2,138797.77815446616
205,10000,5e-07,0.0001,5000,pade5_3,181133.99370182736
206,10000,5e-07,0.0001,5000,pade6_4,180021.3283003455
207,10000,5e-07,0.001,50,pade4_2,203103.54511243614
208,10000,5e-07,0.001,50,pade5_3,210064.14555333726
209,10000,5e-07,0.001,50,pade6_4,152083.65598986985
210,10000,5e-07,0.001,500,pade4_2,272508.0184535062
211,10000,5e-07,0.001,500,pade5_3,218306.55007359272
212,10000,5e-07,0.001,500,pade6_4,143978.64855419606
213,10000,5e-07,0.001,5000,pade4_2,275081.3931673784
214,10000,5e-07,0.001,5000,pade5_3,244633.03364387673
215,10000,5e-07,0.001,5000,pade6_4,254556.58552954183
216,10000,5e-06,1e-05,50,pade4_2,232992.0679297858
217,10000,5e-06,1e-05,50,pade5_3,422668.6878666339
218,10000,5e-06,1e-05,50,pade6_4,195593.85601221272
219,10000,5e-06,1e-05,500,pade4_2,248841.9953072655
220,10000,5e-06,1e-05,500,pade5_3,67385611.35567172
221,10000,5e-06,1e-05,500,pade6_4,243146.5125140517
222,10000,5e-06,1e-05,5000,pade4_2,407983.0968569231
223,10000,5e-06,1e-05,5000,pade5_3,240773.07620416657
224,10000,5e-06,1e-05,5000,pade6_4,464677.5829945827
225,10000,5e-06,0.0001,50,pade4_2,159286.68738633182
226,10000,5e-06,0.0001,50,pade5_3,161364.76595940194
227,10000,5e-06,0.0001,50,pade6_4,161610.82587964178
228,10000,5e-06,0.0001,500,pade4_2,138980.45094222392
229,10000,5e-06,0.0001,500,pade5_3,138980.038584185
230,10000,5e-06,0.0001,500,pade6_4,138979.91028869632
231,10000,5e-06,0.0001,5000,pade4_2,174993.17935177614
232,10000,5e-06,0.0001,5000,pade5_3,214758.86207524993
233,10000,5e-06,0.0001,5000,pade6_4,214803.78959280255
234,10000,5e-06,0.001,50,pade4_2,201120.30808766367
235,10000,5e-06,0.001,50,pade5_3,201588.61642586475
236,10000,5e-06,0.001,50,pade6_4,197283.03274908135
237,10000,5e-06,0.001,500,pade4_2,208296.68953339255
238,10000,5e-06,0.001,500,pade5_3,293050.35308142763
239,10000,5e-06,0.001,500,pade6_4,342034.44950119354
240,10000,5e-06,0.001,5000,pade4_2,524190.75476195704
241,10000,5e-06,0.001,5000,pade5_3,306937.64954506466
242,10000,5e-06,0.001,5000,pade6_4,368055.82880966103
