,Nfpts,stepSize,forwardStep,forwardN,func,prediction
0,1000,5e-08,1e-05,50,pade4_2,1508640.7174688326
1,1000,5e-08,1e-05,50,pade5_3,265825.8625912905
2,1000,5e-08,1e-05,50,pade6_4,323584.59220460703
3,1000,5e-08,1e-05,500,pade4_2,288102.008273282
4,1000,5e-08,1e-05,500,pade5_3,269816.0046654108
5,1000,5e-08,1e-05,500,pade6_4,303188.2831576715
6,1000,5e-08,1e-05,5000,pade4_2,478431.75563983875
7,1000,5e-08,1e-05,5000,pade5_3,318052.8646051062
8,1000,5e-08,1e-05,5000,pade6_4,429500.8484611282
9,1000,5e-08,0.0001,50,pade4_2,500220.69899173547
10,1000,5e-08,0.0001,50,pade5_3,342250.6033851254
11,1000,5e-08,0.0001,50,pade6_4,452248.7107926943
12,1000,5e-08,0.0001,500,pade4_2,1354908.3101028823
13,1000,5e-08,0.0001,500,pade5_3,1.8129849570072512e+102
14,1000,5e-08,0.0001,500,pade6_4,1199229.2096033415
15,1000,5e-08,0.0001,5000,pade4_2,1669023.3801036368
16,1000,5e-08,0.0001,5000,pade5_3,5507764.057110422
17,1000,5e-08,0.0001,5000,pade6_4,5748452.493705233
18,1000,5e-08,0.001,50,pade4_2,206297.3180904354
19,1000,5e-08,0.001,50,pade5_3,186846.6785466664
20,1000,5e-08,0.001,50,pade6_4,173735.06349558698
21,1000,5e-08,0.001,500,pade4_2,666568.0828132973
22,1000,5e-08,0.001,500,pade5_3,216576.2962733855
23,1000,5e-08,0.001,500,pade6_4,359771.1705544282
24,1000,5e-08,0.001,5000,pade4_2,375585.1814994563
25,1000,5e-08,0.001,5000,pade5_3,223735.613479896
26,1000,5e-08,0.001,5000,pade6_4,247605.77135204306
27,1000,5e-07,1e-05,50,pade4_2,324253.27419211954
28,1000,5e-07,1e-05,50,pade5_3,269956.97050157236
29,1000,5e-07,1e-05,50,pade6_4,269129.5534075578
30,1000,5e-07,1e-05,500,pade4_2,493463.1887333155
31,1000,5e-07,1e-05,500,pade5_3,306662.85777986347
32,1000,5e-07,1e-05,500,pade6_4,298689.2414145578
33,1000,5e-07,1e-05,5000,pade4_2,618984.8416436133
34,1000,5e-07,1e-05,5000,pade5_3,267424.24163112027
35,1000,5e-07,1e-05,5000,pade6_4,8.677570196050495e+78
36,1000,5e-07,0.0001,50,pade4_2,513625.6732384024
37,1000,5e-07,0.0001,50,pade5_3,1333879.7526299523
38,1000,5e-07,0.0001,50,pade6_4,2.419846124434284e+29
39,1000,5e-07,0.0001,500,pade4_2,726818.526222408
40,1000,5e-07,0.0001,500,pade5_3,1.1647020774458978e+86
41,1000,5e-07,0.0001,500,pade6_4,1020853.880753286
42,1000,5e-07,0.0001,5000,pade4_2,338146808296320.2
43,1000,5e-07,0.0001,5000,pade5_3,2.0410732587863118e+19
44,1000,5e-07,0.0001,5000,pade6_4,1990321.7900844496
45,1000,5e-07,0.001,50,pade4_2,1133592.772584843
46,1000,5e-07,0.001,50,pade5_3,231986.94309388546
47,1000,5e-07,0.001,50,pade6_4,3.8535673372720305e+88
48,1000,5e-07,0.001,500,pade4_2,inf
49,1000,5e-07,0.001,500,pade5_3,2.0488206705196885e+87
50,1000,5e-07,0.001,500,pade6_4,330489.37196183304
51,1000,5e-07,0.001,5000,pade4_2,291001.0654285679
52,1000,5e-07,0.001,5000,pade5_3,243769.1102651823
53,1000,5e-07,0.001,5000,pade6_4,1131695.7769193396
54,1000,5e-06,1e-05,50,pade4_2,286631.46359206794
55,1000,5e-06,1e-05,50,pade5_3,8.922974117450444e+53
56,1000,5e-06,1e-05,50,pade6_4,4277531498.4744105
57,1000,5e-06,1e-05,500,pade4_2,281974.70932128263
58,1000,5e-06,1e-05,500,pade5_3,253941.2156085012
59,1000,5e-06,1e-05,500,pade6_4,2.6841781347398802e+20
60,1000,5e-06,1e-05,5000,pade4_2,317366.4466301671
61,1000,5e-06,1e-05,5000,pade5_3,337883.1427536079
62,1000,5e-06,1e-05,5000,pade6_4,1.2507041124288333e+18
63,1000,5e-06,0.0001,50,pade4_2,3.35803962203477e+29
64,1000,5e-06,0.0001,50,pade5_3,1195060.3423452224
65,1000,5e-06,0.0001,50,pade6_4,184760.38614417656
66,1000,5e-06,0.0001,500,pade4_2,1.1529986164080311e+27
67,1000,5e-06,0.0001,500,pade5_3,164621812635.0922
68,1000,5e-06,0.0001,500,pade6_4,4.075571808918528e+19
69,1000,5e-06,0.0001,5000,pade4_2,1.6593348150979848e+16
70,1000,5e-06,0.0001,5000,pade5_3,1.1171541085999182e+37
71,1000,5e-06,0.0001,5000,pade6_4,4.1313473634644557e+33
72,1000,5e-06,0.001,50,pade4_2,1.1115738131660676e+18
73,1000,5e-06,0.001,50,pade5_3,1.8844033417506663e+100
74,1000,5e-06,0.001,50,pade6_4,9.004425296545481e+58
75,1000,5e-06,0.001,500,pade4_2,1701986084516983.5
76,1000,5e-06,0.001,500,pade5_3,168870.340231525
77,1000,5e-06,0.001,500,pade6_4,221900615665.9518
78,1000,5e-06,0.001,5000,pade4_2,6.948799827282612e+19
79,1000,5e-06,0.001,5000,pade5_3,168582.04946323618
80,1000,5e-06,0.001,5000,pade6_4,2.1546833540081905e+23
81,5000,5e-08,1e-05,50,pade4_2,388497.8633368336
82,5000,5e-08,1e-05,50,pade5_3,457846.056197012
83,5000,5e-08,1e-05,50,pade6_4,321154.1918262996
84,5000,5e-08,1e-05,500,pade4_2,263410.6444679302
85,5000,5e-08,1e-05,500,pade5_3,269031.8959344559
86,5000,5e-08,1e-05,500,pade6_4,270292.4367234905
87,5000,5e-08,1e-05,5000,pade4_2,293457.0034997721
88,5000,5e-08,1e-05,5000,pade5_3,341514.77534390835
89,5000,5e-08,1e-05,5000,pade6_4,308596.70404812734
90,5000,5e-08,0.0001,50,pade4_2,300297.41817318025
91,5000,5e-08,0.0001,50,pade5_3,298507.2995322012
92,5000,5e-08,0.0001,50,pade6_4,1.7194011953092232e+138
93,5000,5e-08,0.0001,500,pade4_2,1.3890638111193373e+25
94,5000,5e-08,0.0001,500,pade5_3,3.900077584943726e+97
95,5000,5e-08,0.0001,500,pade6_4,inf
96,5000,5e-08,0.0001,5000,pade4_2,8.754109964189602e+50
97,5000,5e-08,0.0001,5000,pade5_3,7.869412902164835e+92
98,5000,5e-08,0.0001,5000,pade6_4,4.089032462582966e+35
99,5000,5e-08,0.001,50,pade4_2,3.035497469375261e+83
100,5000,5e-08,0.001,50,pade5_3,166994.72929736922
101,5000,5e-08,0.001,50,pade6_4,165540.05273862454
102,5000,5e-08,0.001,500,pade4_2,2.9964427472982244e+100
103,5000,5e-08,0.001,500,pade5_3,267384.5620096153
104,5000,5e-08,0.001,500,pade6_4,194951.5972148698
105,5000,5e-08,0.001,5000,pade4_2,387733.65068965516
106,5000,5e-08,0.001,5000,pade5_3,328751.1479585262
107,5000,5e-08,0.001,5000,pade6_4,205698.70529142945
108,5000,5e-07,1e-05,50,pade4_2,275682.93539192126
109,5000,5e-07,1e-05,50,pade5_3,270116.8154417045
110,5000,5e-07,1e-05,50,pade6_4,252727.91911041405
111,5000,5e-07,1e-05,500,pade4_2,262744.2717284449
112,5000,5e-07,1e-05,500,pade5_3,296001.5437512579
113,5000,5e-07,1e-05,500,pade6_4,256498.8763172142
114,5000,5e-07,1e-05,5000,pade4_2,453338.8696968641
115,5000,5e-07,1e-05,5000,pade5_3,1.5827344439388148e+52
116,5000,5e-07,1e-05,5000,pade6_4,330242.7282473293
117,5000,5e-07,0.0001,50,pade4_2,253300.4524994006
118,5000,5e-07,0.0001,50,pade5_3,inf
119,5000,5e-07,0.0001,50,pade6_4,297521.3600787439
120,5000,5e-07,0.0001,500,pade4_2,2.7830716541031035e+65
121,5000,5e-07,0.0001,500,pade5_3,5.896283008968084e+59
122,5000,5e-07,0.0001,500,pade6_4,inf
123,5000,5e-07,0.0001,5000,pade4_2,3.3550231425936026e+113
124,5000,5e-07,0.0001,5000,pade5_3,1.2134173397847258e+99
125,5000,5e-07,0.0001,5000,pade6_4,2.426461673495266e+85
126,5000,5e-07,0.001,50,pade4_2,4.5848922202476625e+174
127,5000,5e-07,0.001,50,pade5_3,183794.65733498088
128,5000,5e-07,0.001,50,pade6_4,168963.59888132845
129,5000,5e-07,0.001,500,pade4_2,608465.446216461
130,5000,5e-07,0.001,500,pade5_3,425297.91979440185
131,5000,5e-07,0.001,500,pade6_4,213324.80612179014
132,5000,5e-07,0.001,5000,pade4_2,2.9543771729002733e+31
133,5000,5e-07,0.001,5000,pade5_3,169912.75766699697
134,5000,5e-07,0.001,5000,pade6_4,293352.68909896695
135,5000,5e-06,1e-05,50,pade4_2,226834.4850519606
136,5000,5e-06,1e-05,50,pade5_3,242686.5402184191
137,5000,5e-06,1e-05,50,pade6_4,232664.7644419537
138,5000,5e-06,1e-05,500,pade4_2,229773.98874545656
139,5000,5e-06,1e-05,500,pade5_3,235274.591379459
140,5000,5e-06,1e-05,500,pade6_4,238144.1438350848
141,5000,5e-06,1e-05,5000,pade4_2,312507.6827049995
142,5000,5e-06,1e-05,5000,pade5_3,4.311387704127096e+28
143,5000,5e-06,1e-05,5000,pade6_4,220533.99756811725
144,5000,5e-06,0.0001,50,pade4_2,10603599598.145487
145,5000,5e-06,0.0001,50,pade5_3,176296.30268106825
146,5000,5e-06,0.0001,50,pade6_4,9.584549463781393e+63
147,5000,5e-06,0.0001,500,pade4_2,237773.1251708211
148,5000,5e-06,0.0001,500,pade5_3,47663577067572.71
149,5000,5e-06,0.0001,500,pade6_4,209315193173.65765
150,5000,5e-06,0.0001,5000,pade4_2,4.6072067097855745e+24
151,5000,5e-06,0.0001,5000,pade5_3,3982797680528464.0
152,5000,5e-06,0.0001,5000,pade6_4,4.0348345452130905e+25
153,5000,5e-06,0.001,50,pade4_2,2.857237748764935e+28
154,5000,5e-06,0.001,50,pade5_3,558251123092686.2
155,5000,5e-06,0.001,50,pade6_4,505774964.6938292
156,5000,5e-06,0.001,500,pade4_2,5.259996798101289e+19
157,5000,5e-06,0.001,500,pade5_3,7.212195022992397e+22
158,5000,5e-06,0.001,500,pade6_4,1.1499750655271761e+23
159,5000,5e-06,0.001,5000,pade4_2,44733912.48568659
160,5000,5e-06,0.001,5000,pade5_3,7.71188736434714e+32
161,5000,5e-06,0.001,5000,pade6_4,159111.24062833583
162,10000,5e-08,1e-05,50,pade4_2,289642.33537193865
163,10000,5e-08,1e-05,50,pade5_3,257541.88291732443
164,10000,5e-08,1e-05,50,pade6_4,296373.1382155245
165,10000,5e-08,1e-05,500,pade4_2,237843.5390542823
166,10000,5e-08,1e-05,500,pade5_3,229541.3652525099
167,10000,5e-08,1e-05,500,pade6_4,240477.49596006112
168,10000,5e-08,1e-05,5000,pade4_2,256494.90572299936
169,10000,5e-08,1e-05,5000,pade5_3,325832.9818962713
170,10000,5e-08,1e-05,5000,pade6_4,264124.19398209424
171,10000,5e-08,0.0001,50,pade4_2,179876.61013888224
172,10000,5e-08,0.0001,50,pade5_3,202158.0681514666
173,10000,5e-08,0.0001,50,pade6_4,197084.61296563956
174,10000,5e-08,0.0001,500,pade4_2,5.462201882682939e+18
175,10000,5e-08,0.0001,500,pade5_3,1.3977261856238315e+31
176,10000,5e-08,0.0001,500,pade6_4,3.454476940819027e+45
177,10000,5e-08,0.0001,5000,pade4_2,1.0545754088991138e+77
178,10000,5e-08,0.0001,5000,pade5_3,3.1642078800321796e+34
179,10000,5e-08,0.0001,5000,pade6_4,1.5069508894431907e+51
180,10000,5e-08,0.001,50,pade4_2,172346.17247123542
181,10000,5e-08,0.001,50,pade5_3,175414.95820002648
182,10000,5e-08,0.001,50,pade6_4,171696.49428517054
183,10000,5e-08,0.001,500,pade4_2,3815629.4411650514
184,10000,5e-08,0.001,500,pade5_3,212370.8804615314
185,10000,5e-08,0.001,500,pade6_4,316025.6505363156
186,10000,5e-08,0.001,5000,pade4_2,20971009.198530942
187,10000,5e-08,0.001,5000,pade5_3,249372.92736035667
188,10000,5e-08,0.001,5000,pade6_4,216974.5909084377
189,10000,5e-07,1e-05,50,pade4_2,233352.71093815524
190,10000,5e-07,1e-05,50,pade5_3,239014.2762734798
191,10000,5e-07,1e-05,50,pade6_4,235651.82137199765
192,10000,5e-07,1e-05,500,pade4_2,232632.6688487241
193,10000,5e-07,1e-05,500,pade5_3,244961.29971266704
194,10000,5e-07,1e-05,500,pade6_4,222507.7895635562
195,10000,5e-07,1e-05,5000,pade4_2,246170.07324278686
196,10000,5e-07,1e-05,5000,pade5_3,622349.5591045069
197,10000,5e-07,1e-05,5000,pade6_4,352932.25879352086
198,10000,5e-07,0.0001,50,pade4_2,inf
199,10000,5e-07,0.0001,50,pade5_3,341095.1548136561
200,10000,5e-07,0.0001,50,pade6_4,1621478.6732723105
201,10000,5e-07,0.0001,500,pade4_2,7.552157418691059e+55
202,10000,5e-07,0.0001,500,pade5_3,inf
203,10000,5e-07,0.0001,500,pade6_4,4071303.5494766464
204,10000,5e-07,0.0001,5000,pade4_2,6.3370270393309395e+28
205,10000,5e-07,0.0001,5000,pade5_3,6.5435139889834165e+78
206,10000,5e-07,0.0001,5000,pade6_4,2.8345188152658435e+98
207,10000,5e-07,0.001,50,pade4_2,1615628.708662574
208,10000,5e-07,0.001,50,pade5_3,1.011784246106766e+97
209,10000,5e-07,0.001,50,pade6_4,197355.3038596317
210,10000,5e-07,0.001,500,pade4_2,753707.2939947279
211,10000,5e-07,0.001,500,pade5_3,192554.5178288968
212,10000,5e-07,0.001,500,pade6_4,1.905164137862454e+17
213,10000,5e-07,0.001,5000,pade4_2,3.9957072382327925e+47
214,10000,5e-07,0.001,5000,pade5_3,165156.77197647636
215,10000,5e-07,0.001,5000,pade6_4,232650.3131566874
216,10000,5e-06,1e-05,50,pade4_2,217458.10288480492
217,10000,5e-06,1e-05,50,pade5_3,221013.393589713
218,10000,5e-06,1e-05,50,pade6_4,220570.3309771838
219,10000,5e-06,1e-05,500,pade4_2,227622.92010897628
220,10000,5e-06,1e-05,500,pade5_3,214992.8272788245
221,10000,5e-06,1e-05,500,pade6_4,224830.2266683675
222,10000,5e-06,1e-05,5000,pade4_2,209468.04182083032
223,10000,5e-06,1e-05,5000,pade5_3,211030.88905146913
224,10000,5e-06,1e-05,5000,pade6_4,1.3318463878805751e+20
225,10000,5e-06,0.0001,50,pade4_2,1.1695539665058546e+25
226,10000,5e-06,0.0001,50,pade5_3,1.1685769150708879e+20
227,10000,5e-06,0.0001,50,pade6_4,7.583507797201071e+25
228,10000,5e-06,0.0001,500,pade4_2,4.810358919159321e+30
229,10000,5e-06,0.0001,500,pade5_3,7.748239131097106e+18
230,10000,5e-06,0.0001,500,pade6_4,835024.7860392304
231,10000,5e-06,0.0001,5000,pade4_2,2.2676111270305762e+107
232,10000,5e-06,0.0001,5000,pade5_3,183358235.03091386
233,10000,5e-06,0.0001,5000,pade6_4,9.531999452088521e+28
234,10000,5e-06,0.001,50,pade4_2,4.948202563558904e+34
235,10000,5e-06,0.001,50,pade5_3,179349.89898195033
236,10000,5e-06,0.001,50,pade6_4,3.748294033868457e+18
237,10000,5e-06,0.001,500,pade4_2,2.42717970161961e+23
238,10000,5e-06,0.001,500,pade5_3,1.2760581232701863e+26
239,10000,5e-06,0.001,500,pade6_4,161847.60056418306
240,10000,5e-06,0.001,5000,pade4_2,7.41860487891229e+23
241,10000,5e-06,0.001,5000,pade5_3,1.8987102785571647e+109
242,10000,5e-06,0.001,5000,pade6_4,162140.29788890018
