,Nfpts,stepSize,forwardStep,forwardN,func,prediction
0,1000,5e-08,1e-05,50,pade4_2,143987.4994971049
1,1000,5e-08,1e-05,50,pade5_3,143822.86329013138
2,1000,5e-08,1e-05,50,pade6_4,143852.31836214647
3,1000,5e-08,1e-05,500,pade4_2,146114.70143993944
4,1000,5e-08,1e-05,500,pade5_3,146309.24910314305
5,1000,5e-08,1e-05,500,pade6_4,146706.2840415202
6,1000,5e-08,1e-05,5000,pade4_2,169353.3075369854
7,1000,5e-08,1e-05,5000,pade5_3,173481.955145772
8,1000,5e-08,1e-05,5000,pade6_4,502579.9014833609
9,1000,5e-08,0.0001,50,pade4_2,124455.13507793818
10,1000,5e-08,0.0001,50,pade5_3,125522.87150190999
11,1000,5e-08,0.0001,50,pade6_4,125001.52722675016
12,1000,5e-08,0.0001,500,pade4_2,126000.50376790759
13,1000,5e-08,0.0001,500,pade5_3,126442.92003759282
14,1000,5e-08,0.0001,500,pade6_4,125088.39019371777
15,1000,5e-08,0.0001,5000,pade4_2,130550.10822946201
16,1000,5e-08,0.0001,5000,pade5_3,131345.74014081937
17,1000,5e-08,0.0001,5000,pade6_4,131818.72958496923
18,1000,5e-08,0.001,50,pade4_2,135505.63876394607
19,1000,5e-08,0.001,50,pade5_3,128510.71469915997
20,1000,5e-08,0.001,50,pade6_4,124834.00838106562
21,1000,5e-08,0.001,500,pade4_2,144776.74063315376
22,1000,5e-08,0.001,500,pade5_3,156787.23134338838
23,1000,5e-08,0.001,500,pade6_4,135099.48053922527
24,1000,5e-08,0.001,5000,pade4_2,170512.55336476018
25,1000,5e-08,0.001,5000,pade5_3,163308.8708435459
26,1000,5e-08,0.001,5000,pade6_4,132318.2723608323
27,1000,5e-07,1e-05,50,pade4_2,144518.7090961184
28,1000,5e-07,1e-05,50,pade5_3,144384.0299667611
29,1000,5e-07,1e-05,50,pade6_4,144396.59367574097
30,1000,5e-07,1e-05,500,pade4_2,146088.21344595347
31,1000,5e-07,1e-05,500,pade5_3,147268.9862812785
32,1000,5e-07,1e-05,500,pade6_4,146629.11262006787
33,1000,5e-07,1e-05,5000,pade4_2,239247.95654234174
34,1000,5e-07,1e-05,5000,pade5_3,4.136122743942883e+180
35,1000,5e-07,1e-05,5000,pade6_4,1.990783183014003e+271
36,1000,5e-07,0.0001,50,pade4_2,126068.09870281199
37,1000,5e-07,0.0001,50,pade5_3,126323.9431465562
38,1000,5e-07,0.0001,50,pade6_4,124405.39975951497
39,1000,5e-07,0.0001,500,pade4_2,131026.79788882265
40,1000,5e-07,0.0001,500,pade5_3,131550.25181393523
41,1000,5e-07,0.0001,500,pade6_4,132305.0291531621
42,1000,5e-07,0.0001,5000,pade4_2,145632.97275758797
43,1000,5e-07,0.0001,5000,pade5_3,146462.62239012198
44,1000,5e-07,0.0001,5000,pade6_4,148629.67761787502
45,1000,5e-07,0.001,50,pade4_2,142665.1872964062
46,1000,5e-07,0.001,50,pade5_3,144260.96111872775
47,1000,5e-07,0.001,50,pade6_4,132162.47254496673
48,1000,5e-07,0.001,500,pade4_2,186423.87442986024
49,1000,5e-07,0.001,500,pade5_3,162247.24948587228
50,1000,5e-07,0.001,500,pade6_4,135037.984165799
51,1000,5e-07,0.001,5000,pade4_2,234861.79383906716
52,1000,5e-07,0.001,5000,pade5_3,165366.97125437445
53,1000,5e-07,0.001,5000,pade6_4,134414.65074631904
54,1000,5e-06,1e-05,50,pade4_2,144445.54109325286
55,1000,5e-06,1e-05,50,pade5_3,145167.40333608532
56,1000,5e-06,1e-05,50,pade6_4,145310.19314046518
57,1000,5e-06,1e-05,500,pade4_2,inf
58,1000,5e-06,1e-05,500,pade5_3,146384.04295851503
59,1000,5e-06,1e-05,500,pade6_4,148322.47447349218
60,1000,5e-06,1e-05,5000,pade4_2,243150.28425175982
61,1000,5e-06,1e-05,5000,pade5_3,2.6992233774252614e+75
62,1000,5e-06,1e-05,5000,pade6_4,154332.8754010677
63,1000,5e-06,0.0001,50,pade4_2,136305.21607395943
64,1000,5e-06,0.0001,50,pade5_3,137034.58282917918
65,1000,5e-06,0.0001,50,pade6_4,138139.37774508266
66,1000,5e-06,0.0001,500,pade4_2,149829.13251056205
67,1000,5e-06,0.0001,500,pade5_3,141903.98904696383
68,1000,5e-06,0.0001,500,pade6_4,147665.47181288648
69,1000,5e-06,0.0001,5000,pade4_2,132742.75330275402
70,1000,5e-06,0.0001,5000,pade5_3,147087.23261494812
71,1000,5e-06,0.0001,5000,pade6_4,155711.51944923995
72,1000,5e-06,0.001,50,pade4_2,143596.7393515476
73,1000,5e-06,0.001,50,pade5_3,164693.75832272356
74,1000,5e-06,0.001,50,pade6_4,136180.6551231982
75,1000,5e-06,0.001,500,pade4_2,164091.11903776383
76,1000,5e-06,0.001,500,pade5_3,187292.63024499902
77,1000,5e-06,0.001,500,pade6_4,148341.19918246914
78,1000,5e-06,0.001,5000,pade4_2,229238.82862718453
79,1000,5e-06,0.001,5000,pade5_3,201463.56418626982
80,1000,5e-06,0.001,5000,pade6_4,141354.39593579396
81,5000,5e-08,1e-05,50,pade4_2,146627.7039223953
82,5000,5e-08,1e-05,50,pade5_3,146439.2451601519
83,5000,5e-08,1e-05,50,pade6_4,146217.98972931746
84,5000,5e-08,1e-05,500,pade4_2,148536.21998005643
85,5000,5e-08,1e-05,500,pade5_3,149638.5144432383
86,5000,5e-08,1e-05,500,pade6_4,150190.85229914772
87,5000,5e-08,1e-05,5000,pade4_2,275709.4435706057
88,5000,5e-08,1e-05,5000,pade5_3,190132.4073870973
89,5000,5e-08,1e-05,5000,pade6_4,207132.09132625884
90,5000,5e-08,0.0001,50,pade4_2,126000.3488447047
91,5000,5e-08,0.0001,50,pade5_3,125424.93379559237
92,5000,5e-08,0.0001,50,pade6_4,126384.71087023793
93,5000,5e-08,0.0001,500,pade4_2,125652.27172592335
94,5000,5e-08,0.0001,500,pade5_3,127979.81208149836
95,5000,5e-08,0.0001,500,pade6_4,128334.96907084728
96,5000,5e-08,0.0001,5000,pade4_2,132377.134982963
97,5000,5e-08,0.0001,5000,pade5_3,133316.83484394246
98,5000,5e-08,0.0001,5000,pade6_4,134753.41748063147
99,5000,5e-08,0.001,50,pade4_2,131462.6850869332
100,5000,5e-08,0.001,50,pade5_3,130043.454039929
101,5000,5e-08,0.001,50,pade6_4,127917.18509479453
102,5000,5e-08,0.001,500,pade4_2,145886.04954547857
103,5000,5e-08,0.001,500,pade5_3,151171.92202007747
104,5000,5e-08,0.001,500,pade6_4,139476.63063929015
105,5000,5e-08,0.001,5000,pade4_2,142402.02709241968
106,5000,5e-08,0.001,5000,pade5_3,153990.63368807884
107,5000,5e-08,0.001,5000,pade6_4,140919.0689816441
108,5000,5e-07,1e-05,50,pade4_2,146903.34213520234
109,5000,5e-07,1e-05,50,pade5_3,146987.39737514927
110,5000,5e-07,1e-05,50,pade6_4,147077.83307115512
111,5000,5e-07,1e-05,500,pade4_2,148064.3650187217
112,5000,5e-07,1e-05,500,pade5_3,153828.98403142006
113,5000,5e-07,1e-05,500,pade6_4,155403.0547863934
114,5000,5e-07,1e-05,5000,pade4_2,175192.10297811477
115,5000,5e-07,1e-05,5000,pade5_3,183673.3819206317
116,5000,5e-07,1e-05,5000,pade6_4,188553.92456791273
117,5000,5e-07,0.0001,50,pade4_2,127543.57617962976
118,5000,5e-07,0.0001,50,pade5_3,128072.26938142597
119,5000,5e-07,0.0001,50,pade6_4,127498.59832339369
120,5000,5e-07,0.0001,500,pade4_2,134141.41201389892
121,5000,5e-07,0.0001,500,pade5_3,134928.01636555226
122,5000,5e-07,0.0001,500,pade6_4,135225.4568459914
123,5000,5e-07,0.0001,5000,pade4_2,151240.60742178393
124,5000,5e-07,0.0001,5000,pade5_3,146191.89593345215
125,5000,5e-07,0.0001,5000,pade6_4,152056.80256031742
126,5000,5e-07,0.001,50,pade4_2,145393.90324779524
127,5000,5e-07,0.001,50,pade5_3,145109.92716299105
128,5000,5e-07,0.001,50,pade6_4,136865.9316455586
129,5000,5e-07,0.001,500,pade4_2,174154.89121039447
130,5000,5e-07,0.001,500,pade5_3,160692.30810354452
131,5000,5e-07,0.001,500,pade6_4,147405.91993669904
132,5000,5e-07,0.001,5000,pade4_2,160584.15868063207
133,5000,5e-07,0.001,5000,pade5_3,164392.21905794914
134,5000,5e-07,0.001,5000,pade6_4,133981.88890060887
135,5000,5e-06,1e-05,50,pade4_2,147341.7955996017
136,5000,5e-06,1e-05,50,pade5_3,149004.05891332802
137,5000,5e-06,1e-05,50,pade6_4,147280.74383090684
138,5000,5e-06,1e-05,500,pade4_2,285489.94798872556
139,5000,5e-06,1e-05,500,pade5_3,147900.1506524096
140,5000,5e-06,1e-05,500,pade6_4,148724.92687402386
141,5000,5e-06,1e-05,5000,pade4_2,180473.3563003907
142,5000,5e-06,1e-05,5000,pade5_3,181206.3254620308
143,5000,5e-06,1e-05,5000,pade6_4,9.184877474278948e+35
144,5000,5e-06,0.0001,50,pade4_2,130306.37890318684
145,5000,5e-06,0.0001,50,pade5_3,153947.01490792018
146,5000,5e-06,0.0001,50,pade6_4,150433.97880337475
147,5000,5e-06,0.0001,500,pade4_2,153490.0916771118
148,5000,5e-06,0.0001,500,pade5_3,151260.36808136362
149,5000,5e-06,0.0001,500,pade6_4,154478.76593242062
150,5000,5e-06,0.0001,5000,pade4_2,133887.0188490718
151,5000,5e-06,0.0001,5000,pade5_3,165434.0542966146
152,5000,5e-06,0.0001,5000,pade6_4,168157.8018656095
153,5000,5e-06,0.001,50,pade4_2,169953.07433131163
154,5000,5e-06,0.001,50,pade5_3,154029.8117353226
155,5000,5e-06,0.001,50,pade6_4,145158.29211312853
156,5000,5e-06,0.001,500,pade4_2,164727.35844713228
157,5000,5e-06,0.001,500,pade5_3,164732.151613358
158,5000,5e-06,0.001,500,pade6_4,151951.11533067733
159,5000,5e-06,0.001,5000,pade4_2,239926.483288231
160,5000,5e-06,0.001,5000,pade5_3,169277.2115929989
161,5000,5e-06,0.001,5000,pade6_4,130946.98343675522
162,10000,5e-08,1e-05,50,pade4_2,150198.3657970675
163,10000,5e-08,1e-05,50,pade5_3,151072.20988060365
164,10000,5e-08,1e-05,50,pade6_4,151991.4873754275
165,10000,5e-08,1e-05,500,pade4_2,154737.56499878629
166,10000,5e-08,1e-05,500,pade5_3,156385.55909018707
167,10000,5e-08,1e-05,500,pade6_4,156470.05770464876
168,10000,5e-08,1e-05,5000,pade4_2,208708.9752875929
169,10000,5e-08,1e-05,5000,pade5_3,217480.32922373473
170,10000,5e-08,1e-05,5000,pade6_4,186125.55667624273
171,10000,5e-08,0.0001,50,pade4_2,128593.26027403527
172,10000,5e-08,0.0001,50,pade5_3,129310.83288430436
173,10000,5e-08,0.0001,50,pade6_4,130043.06062980904
174,10000,5e-08,0.0001,500,pade4_2,128822.66499380479
175,10000,5e-08,0.0001,500,pade5_3,127693.41647532619
176,10000,5e-08,0.0001,500,pade6_4,130821.30784317052
177,10000,5e-08,0.0001,5000,pade4_2,152626.68519757007
178,10000,5e-08,0.0001,5000,pade5_3,149895.67181542012
179,10000,5e-08,0.0001,5000,pade6_4,150598.79291091702
180,10000,5e-08,0.001,50,pade4_2,134915.30756238566
181,10000,5e-08,0.001,50,pade5_3,131765.32960651346
182,10000,5e-08,0.001,50,pade6_4,129562.42530386924
183,10000,5e-08,0.001,500,pade4_2,156181.39819090665
184,10000,5e-08,0.001,500,pade5_3,147352.6832734642
185,10000,5e-08,0.001,500,pade6_4,141230.82996425955
186,10000,5e-08,0.001,5000,pade4_2,142150.5255980272
187,10000,5e-08,0.001,5000,pade5_3,162061.0238086474
188,10000,5e-08,0.001,5000,pade6_4,141880.29304309032
189,10000,5e-07,1e-05,50,pade4_2,151358.53665453556
190,10000,5e-07,1e-05,50,pade5_3,151765.140088474
191,10000,5e-07,1e-05,50,pade6_4,153048.81104342584
192,10000,5e-07,1e-05,500,pade4_2,153801.89404905893
193,10000,5e-07,1e-05,500,pade5_3,156664.77303961923
194,10000,5e-07,1e-05,500,pade6_4,157878.7769151004
195,10000,5e-07,1e-05,5000,pade4_2,184070.36205804857
196,10000,5e-07,1e-05,5000,pade5_3,1.498214212389528e+98
197,10000,5e-07,1e-05,5000,pade6_4,201423.6752954992
198,10000,5e-07,0.0001,50,pade4_2,129274.20842366449
199,10000,5e-07,0.0001,50,pade5_3,128575.85597284096
200,10000,5e-07,0.0001,50,pade6_4,129041.34740150638
201,10000,5e-07,0.0001,500,pade4_2,138910.11860370403
202,10000,5e-07,0.0001,500,pade5_3,149512.26694400588
203,10000,5e-07,0.0001,500,pade6_4,149822.7275796345
204,10000,5e-07,0.0001,5000,pade4_2,152504.19744514607
205,10000,5e-07,0.0001,5000,pade5_3,155964.97907133034
206,10000,5e-07,0.0001,5000,pade6_4,158673.56598121166
207,10000,5e-07,0.001,50,pade4_2,155598.27614552726
208,10000,5e-07,0.001,50,pade5_3,149827.48050069285
209,10000,5e-07,0.001,50,pade6_4,139893.3060163863
210,10000,5e-07,0.001,500,pade4_2,162278.39745075596
211,10000,5e-07,0.001,500,pade5_3,143077.1339506478
212,10000,5e-07,0.001,500,pade6_4,141832.84539839003
213,10000,5e-07,0.001,5000,pade4_2,206200.9986283587
214,10000,5e-07,0.001,5000,pade5_3,198675.32545106058
215,10000,5e-07,0.001,5000,pade6_4,138988.57414431317
216,10000,5e-06,1e-05,50,pade4_2,151031.59735560417
217,10000,5e-06,1e-05,50,pade5_3,151762.2541477283
218,10000,5e-06,1e-05,50,pade6_4,152724.19186293785
219,10000,5e-06,1e-05,500,pade4_2,152368.96227849208
220,10000,5e-06,1e-05,500,pade5_3,244742.00932138672
221,10000,5e-06,1e-05,500,pade6_4,191268.95556516637
222,10000,5e-06,1e-05,5000,pade4_2,1821278.3584306457
223,10000,5e-06,1e-05,5000,pade5_3,2.8929465786131518e+37
224,10000,5e-06,1e-05,5000,pade6_4,inf
225,10000,5e-06,0.0001,50,pade4_2,160053.22933015402
226,10000,5e-06,0.0001,50,pade5_3,147187.8924372194
227,10000,5e-06,0.0001,50,pade6_4,148381.49443787214
228,10000,5e-06,0.0001,500,pade4_2,148985.96547995208
229,10000,5e-06,0.0001,500,pade5_3,165099.6004081458
230,10000,5e-06,0.0001,500,pade6_4,171450.3173298574
231,10000,5e-06,0.0001,5000,pade4_2,155686.72823658292
232,10000,5e-06,0.0001,5000,pade5_3,171441.46549565817
233,10000,5e-06,0.0001,5000,pade6_4,158431.6773960218
234,10000,5e-06,0.001,50,pade4_2,206280.91440554935
235,10000,5e-06,0.001,50,pade5_3,174517.62625240904
236,10000,5e-06,0.001,50,pade6_4,148777.73290657054
237,10000,5e-06,0.001,500,pade4_2,203911.09233896038
238,10000,5e-06,0.001,500,pade5_3,256575.7377829169
239,10000,5e-06,0.001,500,pade6_4,134564.37032482956
240,10000,5e-06,0.001,5000,pade4_2,139255691.40143326
241,10000,5e-06,0.001,5000,pade5_3,203436.42094729442
242,10000,5e-06,0.001,5000,pade6_4,132828.20421378018
