,Nfpts,forwardStep,forwardN,func,prediction
0,1000,1e-05,50,pade4_2,108375.98120374662
1,1000,1e-05,50,pade5_3,110457.49610714479
2,1000,1e-05,50,pade6_4,101494.78467061973
3,1000,1e-05,500,pade4_2,107770.28630012272
4,1000,1e-05,500,pade5_3,99900.17645176154
5,1000,1e-05,500,pade6_4,99039.81748668928
6,1000,1e-05,5000,pade4_2,107772.25547530828
7,1000,1e-05,5000,pade5_3,102609.95209873287
8,1000,1e-05,5000,pade6_4,105813.90583992901
9,1000,0.0001,50,pade4_2,114361.17881035684
10,1000,0.0001,50,pade5_3,104635.27790031022
11,1000,0.0001,50,pade6_4,116761.11666461105
12,1000,0.0001,500,pade4_2,104860.80789907045
13,1000,0.0001,500,pade5_3,116162.88481522776
14,1000,0.0001,500,pade6_4,116010.47251300189
15,1000,0.0001,5000,pade4_2,115334.20340773674
16,1000,0.0001,5000,pade5_3,104893.8653334792
17,1000,0.0001,5000,pade6_4,114580.76732930743
18,1000,0.001,50,pade4_2,769458583.3460956
19,1000,0.001,50,pade5_3,164323.4501094632
20,1000,0.001,50,pade6_4,17540830.76845804
21,1000,0.001,500,pade4_2,128298.54283445209
22,1000,0.001,500,pade5_3,104174.05852514258
23,1000,0.001,500,pade6_4,128347.10631660662
24,1000,0.001,5000,pade4_2,126025.41339279512
25,1000,0.001,5000,pade5_3,104273.30547939951
26,1000,0.001,5000,pade6_4,123010.3972643421
27,5000,1e-05,50,pade4_2,105931.51168654328
28,5000,1e-05,50,pade5_3,106864.26407732443
29,5000,1e-05,50,pade6_4,105931.11449417495
30,5000,1e-05,500,pade4_2,106516.98630622585
31,5000,1e-05,500,pade5_3,105940.71682982835
32,5000,1e-05,500,pade6_4,106692.22890239926
33,5000,1e-05,5000,pade4_2,106544.91251816295
34,5000,1e-05,5000,pade5_3,106653.3508299149
35,5000,1e-05,5000,pade6_4,106049.39910266934
36,5000,0.0001,50,pade4_2,179642.48653106604
37,5000,0.0001,50,pade5_3,10507344.83653491
38,5000,0.0001,50,pade6_4,98601.98071533068
39,5000,0.0001,500,pade4_2,163875.55020846272
40,5000,0.0001,500,pade5_3,212876.31228808252
41,5000,0.0001,500,pade6_4,111673.10221920787
42,5000,0.0001,5000,pade4_2,118096.79135496929
43,5000,0.0001,5000,pade5_3,162860679.88804477
44,5000,0.0001,5000,pade6_4,108990.67295552713
45,5000,0.001,50,pade4_2,3492083711.6428337
46,5000,0.001,50,pade5_3,100157.93247851732
47,5000,0.001,50,pade6_4,95275.15953261574
48,5000,0.001,500,pade4_2,139271.1162636151
49,5000,0.001,500,pade5_3,144740.24256758924
50,5000,0.001,500,pade6_4,129729.88235806325
51,5000,0.001,5000,pade4_2,163858.10652330756
52,5000,0.001,5000,pade5_3,157359.94636989475
53,5000,0.001,5000,pade6_4,179077.0883258261
54,10000,1e-05,50,pade4_2,103819.65676404539
55,10000,1e-05,50,pade5_3,103867.98231800686
56,10000,1e-05,50,pade6_4,103864.71497862341
57,10000,1e-05,500,pade4_2,103692.05001670905
58,10000,1e-05,500,pade5_3,101645.68742620149
59,10000,1e-05,500,pade6_4,103696.01966051599
60,10000,1e-05,5000,pade4_2,103759.53362832809
61,10000,1e-05,5000,pade5_3,103677.2536745117
62,10000,1e-05,5000,pade6_4,102213.86869593053
63,10000,0.0001,50,pade4_2,98712.98516907528
64,10000,0.0001,50,pade5_3,109998.98811231942
65,10000,0.0001,50,pade6_4,98713.00284697599
66,10000,0.0001,500,pade4_2,154024.6433017719
67,10000,0.0001,500,pade5_3,1902840.2191905866
68,10000,0.0001,500,pade6_4,23529406.302839085
69,10000,0.0001,5000,pade4_2,118322.64005033467
70,10000,0.0001,5000,pade5_3,1047225.8876915235
71,10000,0.0001,5000,pade6_4,110656.077192841
72,10000,0.001,50,pade4_2,149688.86103738754
73,10000,0.001,50,pade5_3,101067.7783085699
74,10000,0.001,50,pade6_4,95412.77447908671
75,10000,0.001,500,pade4_2,197061.47413660295
76,10000,0.001,500,pade5_3,149175.92351937975
77,10000,0.001,500,pade6_4,125457.23271263442
78,10000,0.001,5000,pade4_2,138972.07123897993
79,10000,0.001,5000,pade5_3,123083.7576407324
80,10000,0.001,5000,pade6_4,123236.6068588993
