,Nfpts,forwardStep,forwardN,func,prediction
0,1000,1e-05,50,pade4_2,278262.55114536034
1,1000,1e-05,50,pade5_3,278314.9370571464
2,1000,1e-05,50,pade6_4,278103.5418551566
3,1000,1e-05,500,pade4_2,279827.6613233836
4,1000,1e-05,500,pade5_3,279798.03389896033
5,1000,1e-05,500,pade6_4,279798.52930129727
6,1000,1e-05,5000,pade4_2,280095.22958816617
7,1000,1e-05,5000,pade5_3,280037.8580800646
8,1000,1e-05,5000,pade6_4,280115.5214926342
9,1000,0.0001,50,pade4_2,363283.8061938281
10,1000,0.0001,50,pade5_3,369202.178865026
11,1000,0.0001,50,pade6_4,369373.43651331606
12,1000,0.0001,500,pade4_2,365004.4211495052
13,1000,0.0001,500,pade5_3,368855.2577009811
14,1000,0.0001,500,pade6_4,362556.9966457876
15,1000,0.0001,5000,pade4_2,369050.6020140002
16,1000,0.0001,5000,pade5_3,367045.8600061836
17,1000,0.0001,5000,pade6_4,372863.5074644741
18,1000,0.001,50,pade4_2,379744.30780075816
19,1000,0.001,50,pade5_3,379227.6680214201
20,1000,0.001,50,pade6_4,375754.53114200017
21,1000,0.001,500,pade4_2,338461.41275928786
22,1000,0.001,500,pade5_3,368278.7232655591
23,1000,0.001,500,pade6_4,369927.89544568025
24,1000,0.001,5000,pade4_2,341515.0744167934
25,1000,0.001,5000,pade5_3,377052.0443764542
26,1000,0.001,5000,pade6_4,343190.1058264453
27,5000,1e-05,50,pade4_2,336308.1939768226
28,5000,1e-05,50,pade5_3,336305.6412749485
29,5000,1e-05,50,pade6_4,335593.3965539629
30,5000,1e-05,500,pade4_2,716344.7521567809
31,5000,1e-05,500,pade5_3,338089.8427604477
32,5000,1e-05,500,pade6_4,337920.20762369176
33,5000,1e-05,5000,pade4_2,338219.9207649147
34,5000,1e-05,5000,pade5_3,413821.21768301516
35,5000,1e-05,5000,pade6_4,344396.25226707844
36,5000,0.0001,50,pade4_2,376728.0068215195
37,5000,0.0001,50,pade5_3,376710.59222503647
38,5000,0.0001,50,pade6_4,376034.4277287514
39,5000,0.0001,500,pade4_2,412683.91950976994
40,5000,0.0001,500,pade5_3,390937.87952748965
41,5000,0.0001,500,pade6_4,398699.96146414184
42,5000,0.0001,5000,pade4_2,386395.37927108107
43,5000,0.0001,5000,pade5_3,400717.30182165187
44,5000,0.0001,5000,pade6_4,383970.9974212313
45,5000,0.001,50,pade4_2,413891.00677630905
46,5000,0.001,50,pade5_3,413583.0038881955
47,5000,0.001,50,pade6_4,417355.0004534667
48,5000,0.001,500,pade4_2,351386.8609835678
49,5000,0.001,500,pade5_3,386437.8431882359
50,5000,0.001,500,pade6_4,385150.7525106592
51,5000,0.001,5000,pade4_2,367152.7750176604
52,5000,0.001,5000,pade5_3,366758.52197979746
53,5000,0.001,5000,pade6_4,365879.918209339
54,10000,1e-05,50,pade4_2,330381.0608842361
55,10000,1e-05,50,pade5_3,330388.47495947423
56,10000,1e-05,50,pade6_4,330391.0081522075
57,10000,1e-05,500,pade4_2,554231.2536872968
58,10000,1e-05,500,pade5_3,331424.9545863887
59,10000,1e-05,500,pade6_4,331621.47141534416
60,10000,1e-05,5000,pade4_2,331737.062571868
61,10000,1e-05,5000,pade5_3,331651.6530271847
62,10000,1e-05,5000,pade6_4,407339.73184552684
63,10000,0.0001,50,pade4_2,376359.7030705755
64,10000,0.0001,50,pade5_3,376664.9991552988
65,10000,0.0001,50,pade6_4,378133.83406923723
66,10000,0.0001,500,pade4_2,385366.57655792596
67,10000,0.0001,500,pade5_3,378434.71545382525
68,10000,0.0001,500,pade6_4,385329.79591427516
69,10000,0.0001,5000,pade4_2,385496.70803011896
70,10000,0.0001,5000,pade5_3,380191.2322771104
71,10000,0.0001,5000,pade6_4,380739.2764333269
72,10000,0.001,50,pade4_2,422930.5864528979
73,10000,0.001,50,pade5_3,424589.0608729764
74,10000,0.001,50,pade6_4,421968.2848278139
75,10000,0.001,500,pade4_2,350441.8401066755
76,10000,0.001,500,pade5_3,383493.6736625351
77,10000,0.001,500,pade6_4,387243.8259831212
78,10000,0.001,5000,pade4_2,358319.0773879037
79,10000,0.001,5000,pade5_3,358090.1880658825
80,10000,0.001,5000,pade6_4,357163.2258896209
