,Nfpts,forwardStep,forwardN,func,prediction
0,1000,1e-05,50,pade4_2,112957.1834801894
1,1000,1e-05,50,pade5_3,112957.14793830532
2,1000,1e-05,50,pade6_4,112957.13439600404
3,1000,1e-05,500,pade4_2,113273.74020214166
4,1000,1e-05,500,pade5_3,113278.55276950309
5,1000,1e-05,500,pade6_4,124333.97199925703
6,1000,1e-05,5000,pade4_2,122166.58261791944
7,1000,1e-05,5000,pade5_3,125975.386641483
8,1000,1e-05,5000,pade6_4,113402.57445328223
9,1000,0.0001,50,pade4_2,111120.81855822021
10,1000,0.0001,50,pade5_3,105332.6062085451
11,1000,0.0001,50,pade6_4,114713.56797889565
12,1000,0.0001,500,pade4_2,117814.8458967912
13,1000,0.0001,500,pade5_3,114385.2561259703
14,1000,0.0001,500,pade6_4,105644.16694830677
15,1000,0.0001,5000,pade4_2,116666.34995746428
16,1000,0.0001,5000,pade5_3,111537.81215082888
17,1000,0.0001,5000,pade6_4,105668.53953785621
18,1000,0.001,50,pade4_2,105983.01668958137
19,1000,0.001,50,pade5_3,103278.68087916373
20,1000,0.001,50,pade6_4,106310.85808728066
21,1000,0.001,500,pade4_2,124447.05308736506
22,1000,0.001,500,pade5_3,106873.61216492653
23,1000,0.001,500,pade6_4,122538.35549399427
24,1000,0.001,5000,pade4_2,123376.13949085
25,1000,0.001,5000,pade5_3,106411.4210246426
26,1000,0.001,5000,pade6_4,105359.19319369861
27,5000,1e-05,50,pade4_2,131088.9367894263
28,5000,1e-05,50,pade5_3,151927.68719656955
29,5000,1e-05,50,pade6_4,158001.54170669874
30,5000,1e-05,500,pade4_2,153650.24725024845
31,5000,1e-05,500,pade5_3,156229.97339687654
32,5000,1e-05,500,pade6_4,117517.3940574801
33,5000,1e-05,5000,pade4_2,156155.2983224999
34,5000,1e-05,5000,pade5_3,156512.92133021378
35,5000,1e-05,5000,pade6_4,156708.05670742277
36,5000,0.0001,50,pade4_2,864135348.9750378
37,5000,0.0001,50,pade5_3,170466.21769662676
38,5000,0.0001,50,pade6_4,168829.28388519274
39,5000,0.0001,500,pade4_2,84702968.31340887
40,5000,0.0001,500,pade5_3,841594192.8287456
41,5000,0.0001,500,pade6_4,411142241.7392881
42,5000,0.0001,5000,pade4_2,79449421.9891683
43,5000,0.0001,5000,pade5_3,166569.15172468335
44,5000,0.0001,5000,pade6_4,12062605.684413303
45,5000,0.001,50,pade4_2,161880.4847669408
46,5000,0.001,50,pade5_3,113403.17999877215
47,5000,0.001,50,pade6_4,113653.50048498888
48,5000,0.001,500,pade4_2,239588.5916691416
49,5000,0.001,500,pade5_3,227907.54385446061
50,5000,0.001,500,pade6_4,281759.53204321704
51,5000,0.001,5000,pade4_2,171284.0603755199
52,5000,0.001,5000,pade5_3,97746.5883207246
53,5000,0.001,5000,pade6_4,213639.1048603004
54,10000,1e-05,50,pade4_2,117212.96444959794
55,10000,1e-05,50,pade5_3,117551.27398425029
56,10000,1e-05,50,pade6_4,122763.88776052542
57,10000,1e-05,500,pade4_2,117310.80874524835
58,10000,1e-05,500,pade5_3,117298.24324544906
59,10000,1e-05,500,pade6_4,164904.56136737828
60,10000,1e-05,5000,pade4_2,158251.82252749865
61,10000,1e-05,5000,pade5_3,164816.821028157
62,10000,1e-05,5000,pade6_4,165467.65243615425
63,10000,0.0001,50,pade4_2,586693848.3573691
64,10000,0.0001,50,pade5_3,187050.78545424546
65,10000,0.0001,50,pade6_4,3613468.1004413613
66,10000,0.0001,500,pade4_2,144574.0702257466
67,10000,0.0001,500,pade5_3,181835.73331039472
68,10000,0.0001,500,pade6_4,178957.06851360985
69,10000,0.0001,5000,pade4_2,4181443873.8356237
70,10000,0.0001,5000,pade5_3,194484255.4740277
71,10000,0.0001,5000,pade6_4,150378.00868498356
72,10000,0.001,50,pade4_2,11516460.602099562
73,10000,0.001,50,pade5_3,96287.32386433384
74,10000,0.001,50,pade6_4,119506.09139508434
75,10000,0.001,500,pade4_2,200144.6211866235
76,10000,0.001,500,pade5_3,162598.41903469447
77,10000,0.001,500,pade6_4,175857.49178821078
78,10000,0.001,5000,pade4_2,177499.32803769707
79,10000,0.001,5000,pade5_3,99209.33502151218
80,10000,0.001,5000,pade6_4,164106.6295674945
