,Nfpts,forwardStep,forwardN,func,prediction
0,1000,1e-05,50,pade4_2,107195414.12206186
1,1000,1e-05,50,pade5_3,186908.67059548537
2,1000,1e-05,50,pade6_4,186677.66137363864
3,1000,1e-05,500,pade4_2,48692977107.31092
4,1000,1e-05,500,pade5_3,4435381714668.746
5,1000,1e-05,500,pade6_4,1960216020271.3804
6,1000,1e-05,5000,pade4_2,181982.61091793954
7,1000,1e-05,5000,pade5_3,1.8142589609471577e+37
8,1000,1e-05,5000,pade6_4,7.6876314855628e+21
9,1000,0.0001,50,pade4_2,161889.64101966977
10,1000,0.0001,50,pade5_3,220946.62839804858
11,1000,0.0001,50,pade6_4,130013.58235356236
12,1000,0.0001,500,pade4_2,152858.68899422314
13,1000,0.0001,500,pade5_3,279065.2516245462
14,1000,0.0001,500,pade6_4,256998.547818396
15,1000,0.0001,5000,pade4_2,168167.34939633295
16,1000,0.0001,5000,pade5_3,246756.54452439726
17,1000,0.0001,5000,pade6_4,250350.2685083327
18,1000,0.001,50,pade4_2,127167.30481986499
19,1000,0.001,50,pade5_3,125819.12161867495
20,1000,0.001,50,pade6_4,125081.17392645145
21,1000,0.001,500,pade4_2,198440.80837433174
22,1000,0.001,500,pade5_3,195085.49149480544
23,1000,0.001,500,pade6_4,248626.54104692524
24,1000,0.001,5000,pade4_2,406680.8246396384
25,1000,0.001,5000,pade5_3,256436.71152700513
26,1000,0.001,5000,pade6_4,135538.85098778925
27,5000,1e-05,50,pade4_2,167679.63142181427
28,5000,1e-05,50,pade5_3,187086.32927496557
29,5000,1e-05,50,pade6_4,170135.638387026
30,5000,1e-05,500,pade4_2,187126.9312903319
31,5000,1e-05,500,pade5_3,1391657139563011.2
32,5000,1e-05,500,pade6_4,13287860601814.959
33,5000,1e-05,5000,pade4_2,187095.4013938089
34,5000,1e-05,5000,pade5_3,8173993781.867394
35,5000,1e-05,5000,pade6_4,112824199110.33858
36,5000,0.0001,50,pade4_2,547844.2794361012
37,5000,0.0001,50,pade5_3,212708.7124048534
38,5000,0.0001,50,pade6_4,158959.91870598114
39,5000,0.0001,500,pade4_2,257602.6041326601
40,5000,0.0001,500,pade5_3,183195.8499245649
41,5000,0.0001,500,pade6_4,200970.82240278824
42,5000,0.0001,5000,pade4_2,212059.88427667491
43,5000,0.0001,5000,pade5_3,130744.66826607333
44,5000,0.0001,5000,pade6_4,161289.17930828058
45,5000,0.001,50,pade4_2,125766.62150428256
46,5000,0.001,50,pade5_3,124757.66110276186
47,5000,0.001,50,pade6_4,124226.572114662
48,5000,0.001,500,pade4_2,188397.75378209178
49,5000,0.001,500,pade5_3,221114.89299676762
50,5000,0.001,500,pade6_4,133097.17959355257
51,5000,0.001,5000,pade4_2,203739.47404060783
52,5000,0.001,5000,pade5_3,137581.98358500263
53,5000,0.001,5000,pade6_4,201722.2754777862
54,10000,1e-05,50,pade4_2,169408.32930721712
55,10000,1e-05,50,pade5_3,11078715.19170236
56,10000,1e-05,50,pade6_4,169921.1141258724
57,10000,1e-05,500,pade4_2,2923022015313.5586
58,10000,1e-05,500,pade5_3,8671450497.300045
59,10000,1e-05,500,pade6_4,264093714088.7908
60,10000,1e-05,5000,pade4_2,559951213535.7227
61,10000,1e-05,5000,pade5_3,199486669.1365248
62,10000,1e-05,5000,pade6_4,4242197746320.373
63,10000,0.0001,50,pade4_2,183297.8384908383
64,10000,0.0001,50,pade5_3,131034.19444886026
65,10000,0.0001,50,pade6_4,172893.80318707143
66,10000,0.0001,500,pade4_2,187164.78553076863
67,10000,0.0001,500,pade5_3,185371.33988130162
68,10000,0.0001,500,pade6_4,232108.0511012233
69,10000,0.0001,5000,pade4_2,256624.3920973039
70,10000,0.0001,5000,pade5_3,214793.41231765607
71,10000,0.0001,5000,pade6_4,234337.91781932465
72,10000,0.001,50,pade4_2,128092.96626672756
73,10000,0.001,50,pade5_3,127827.7778627393
74,10000,0.001,50,pade6_4,125568.01109284526
75,10000,0.001,500,pade4_2,193434.53434831323
76,10000,0.001,500,pade5_3,221220.32405888088
77,10000,0.001,500,pade6_4,196728.6781779094
78,10000,0.001,5000,pade4_2,319944.6510042083
79,10000,0.001,5000,pade5_3,133447.9436840266
80,10000,0.001,5000,pade6_4,192944.15127644496
