,Nfpts,stepSize,forwardStep,forwardN,func,prediction
0,1000,5e-08,1e-05,50,pade4_2,180317.2150776357
1,1000,5e-08,1e-05,50,pade5_3,180008.63646557686
2,1000,5e-08,1e-05,50,pade6_4,178495.48171456193
3,1000,5e-08,1e-05,500,pade4_2,181960.27854179253
4,1000,5e-08,1e-05,500,pade5_3,180854.8525756892
5,1000,5e-08,1e-05,500,pade6_4,180269.62009274866
6,1000,5e-08,1e-05,5000,pade4_2,180068.2440248014
7,1000,5e-08,1e-05,5000,pade5_3,180079.63808170072
8,1000,5e-08,1e-05,5000,pade6_4,179928.95146507397
9,1000,5e-08,0.0001,50,pade4_2,188861.82455352534
10,1000,5e-08,0.0001,50,pade5_3,179603.14158011822
11,1000,5e-08,0.0001,50,pade6_4,195370.1361677819
12,1000,5e-08,0.0001,500,pade4_2,1.5150175729262713e+88
13,1000,5e-08,0.0001,500,pade5_3,5.092013228013933e+140
14,1000,5e-08,0.0001,500,pade6_4,6.493919627152103e+32
15,1000,5e-08,0.0001,5000,pade4_2,2.1084892525035905e+85
16,1000,5e-08,0.0001,5000,pade5_3,3.6497363505800132e+84
17,1000,5e-08,0.0001,5000,pade6_4,2.750007237952098e+105
18,1000,5e-08,0.001,50,pade4_2,152686.44469717337
19,1000,5e-08,0.001,50,pade5_3,164977.34532811094
20,1000,5e-08,0.001,50,pade6_4,149103.7053546247
21,1000,5e-08,0.001,500,pade4_2,409429.9930853997
22,1000,5e-08,0.001,500,pade5_3,187093.77758072634
23,1000,5e-08,0.001,500,pade6_4,167912.12299140505
24,1000,5e-08,0.001,5000,pade4_2,425146.84991297533
25,1000,5e-08,0.001,5000,pade5_3,182797.4554006375
26,1000,5e-08,0.001,5000,pade6_4,162468.1464733054
27,1000,5e-07,1e-05,50,pade4_2,178426.1196809177
28,1000,5e-07,1e-05,50,pade5_3,179059.81022553856
29,1000,5e-07,1e-05,50,pade6_4,178116.2611996837
30,1000,5e-07,1e-05,500,pade4_2,179798.1076191429
31,1000,5e-07,1e-05,500,pade5_3,179400.9021709979
32,1000,5e-07,1e-05,500,pade6_4,179536.0588321461
33,1000,5e-07,1e-05,5000,pade4_2,179670.49040686755
34,1000,5e-07,1e-05,5000,pade5_3,179648.87553230432
35,1000,5e-07,1e-05,5000,pade6_4,179586.86778559798
36,1000,5e-07,0.0001,50,pade4_2,235071.1112208877
37,1000,5e-07,0.0001,50,pade5_3,398635.25695821544
38,1000,5e-07,0.0001,50,pade6_4,inf
39,1000,5e-07,0.0001,500,pade4_2,4.035413189621732e+21
40,1000,5e-07,0.0001,500,pade5_3,8.012122322920159e+24
41,1000,5e-07,0.0001,500,pade6_4,3.6047666555907354e+37
42,1000,5e-07,0.0001,5000,pade4_2,3.0723520498512495e+32
43,1000,5e-07,0.0001,5000,pade5_3,3.275643087949328e+97
44,1000,5e-07,0.0001,5000,pade6_4,2.8606480257538317e+17
45,1000,5e-07,0.001,50,pade4_2,204337.12838920497
46,1000,5e-07,0.001,50,pade5_3,8.626565376826629e+102
47,1000,5e-07,0.001,50,pade6_4,154056.71252992286
48,1000,5e-07,0.001,500,pade4_2,inf
49,1000,5e-07,0.001,500,pade5_3,201460.44378467998
50,1000,5e-07,0.001,500,pade6_4,158141.5021220561
51,1000,5e-07,0.001,5000,pade4_2,inf
52,1000,5e-07,0.001,5000,pade5_3,169425.22037725468
53,1000,5e-07,0.001,5000,pade6_4,152299.85486183694
54,1000,5e-06,1e-05,50,pade4_2,179469.12911199973
55,1000,5e-06,1e-05,50,pade5_3,179506.89762435743
56,1000,5e-06,1e-05,50,pade6_4,178042.13581358502
57,1000,5e-06,1e-05,500,pade4_2,179667.84138407526
58,1000,5e-06,1e-05,500,pade5_3,178274.09057338716
59,1000,5e-06,1e-05,500,pade6_4,179660.6103544972
60,1000,5e-06,1e-05,5000,pade4_2,179325.018154239
61,1000,5e-06,1e-05,5000,pade5_3,179565.56234328763
62,1000,5e-06,1e-05,5000,pade6_4,179118.11461916595
63,1000,5e-06,0.0001,50,pade4_2,3984846.5439055883
64,1000,5e-06,0.0001,50,pade5_3,inf
65,1000,5e-06,0.0001,50,pade6_4,743732576.3190112
66,1000,5e-06,0.0001,500,pade4_2,1.3895358512171831e+35
67,1000,5e-06,0.0001,500,pade5_3,2.265903504746092e+25
68,1000,5e-06,0.0001,500,pade6_4,4.853545666047841e+42
69,1000,5e-06,0.0001,5000,pade4_2,276092641.9617934
70,1000,5e-06,0.0001,5000,pade5_3,8.078231841514962e+42
71,1000,5e-06,0.0001,5000,pade6_4,361095.0024859632
72,1000,5e-06,0.001,50,pade4_2,186583.55275525173
73,1000,5e-06,0.001,50,pade5_3,159971.80156153635
74,1000,5e-06,0.001,50,pade6_4,5.734912253914487e+38
75,1000,5e-06,0.001,500,pade4_2,184785.53317980096
76,1000,5e-06,0.001,500,pade5_3,219854.57331794623
77,1000,5e-06,0.001,500,pade6_4,152306.14645355757
78,1000,5e-06,0.001,5000,pade4_2,198955.82274162432
79,1000,5e-06,0.001,5000,pade5_3,153036.7090614842
80,1000,5e-06,0.001,5000,pade6_4,147788.51219627642
81,5000,5e-08,1e-05,50,pade4_2,172703.51922166467
82,5000,5e-08,1e-05,50,pade5_3,172700.9959858023
83,5000,5e-08,1e-05,50,pade6_4,173333.44213899685
84,5000,5e-08,1e-05,500,pade4_2,180438.7910838902
85,5000,5e-08,1e-05,500,pade5_3,178034.3725753748
86,5000,5e-08,1e-05,500,pade6_4,178100.9685850936
87,5000,5e-08,1e-05,5000,pade4_2,253462.5748903642
88,5000,5e-08,1e-05,5000,pade5_3,245102.89792925233
89,5000,5e-08,1e-05,5000,pade6_4,235703.09439535876
90,5000,5e-08,0.0001,50,pade4_2,156724.3988605435
91,5000,5e-08,0.0001,50,pade5_3,156290.28555543028
92,5000,5e-08,0.0001,50,pade6_4,156593.4881635476
93,5000,5e-08,0.0001,500,pade4_2,157592.75955588554
94,5000,5e-08,0.0001,500,pade5_3,157641.72651240125
95,5000,5e-08,0.0001,500,pade6_4,158102.17279771814
96,5000,5e-08,0.0001,5000,pade4_2,160329.97256000555
97,5000,5e-08,0.0001,5000,pade5_3,160863.34916480308
98,5000,5e-08,0.0001,5000,pade6_4,157003.45535800923
99,5000,5e-08,0.001,50,pade4_2,153920.84459483225
100,5000,5e-08,0.001,50,pade5_3,153813.47363210993
101,5000,5e-08,0.001,50,pade6_4,153731.55956103205
102,5000,5e-08,0.001,500,pade4_2,5.713802575498995e+120
103,5000,5e-08,0.001,500,pade5_3,158535.84730762124
104,5000,5e-08,0.001,500,pade6_4,162431.8277613193
105,5000,5e-08,0.001,5000,pade4_2,5.844723574234736e+99
106,5000,5e-08,0.001,5000,pade5_3,157095.0654529958
107,5000,5e-08,0.001,5000,pade6_4,157809.39659142154
108,5000,5e-07,1e-05,50,pade4_2,173127.04090631125
109,5000,5e-07,1e-05,50,pade5_3,174002.683403864
110,5000,5e-07,1e-05,50,pade6_4,173875.92443769422
111,5000,5e-07,1e-05,500,pade4_2,178902.0087679836
112,5000,5e-07,1e-05,500,pade5_3,179825.79022935504
113,5000,5e-07,1e-05,500,pade6_4,188081.01412960136
114,5000,5e-07,1e-05,5000,pade4_2,427999.695901958
115,5000,5e-07,1e-05,5000,pade5_3,296579.364710258
116,5000,5e-07,1e-05,5000,pade6_4,8.307946474025295e+108
117,5000,5e-07,0.0001,50,pade4_2,157358.0477348642
118,5000,5e-07,0.0001,50,pade5_3,157022.82947077634
119,5000,5e-07,0.0001,50,pade6_4,157028.00773569406
120,5000,5e-07,0.0001,500,pade4_2,156828.34183010904
121,5000,5e-07,0.0001,500,pade5_3,156861.83490635015
122,5000,5e-07,0.0001,500,pade6_4,156932.57723451118
123,5000,5e-07,0.0001,5000,pade4_2,163920.16754430442
124,5000,5e-07,0.0001,5000,pade5_3,165253.1425773075
125,5000,5e-07,0.0001,5000,pade6_4,166100.15295435736
126,5000,5e-07,0.001,50,pade4_2,inf
127,5000,5e-07,0.001,50,pade5_3,162508.63070757713
128,5000,5e-07,0.001,50,pade6_4,159470.71028287604
129,5000,5e-07,0.001,500,pade4_2,5.563104336447806e+112
130,5000,5e-07,0.001,500,pade5_3,159072.65498331204
131,5000,5e-07,0.001,500,pade6_4,156607.5521711468
132,5000,5e-07,0.001,5000,pade4_2,3.4639901221044996e+44
133,5000,5e-07,0.001,5000,pade5_3,165110.2208469171
134,5000,5e-07,0.001,5000,pade6_4,156481.5005235087
135,5000,5e-06,1e-05,50,pade4_2,176832.86658187056
136,5000,5e-06,1e-05,50,pade5_3,173528.08029193783
137,5000,5e-06,1e-05,50,pade6_4,176093.34005125714
138,5000,5e-06,1e-05,500,pade4_2,179722.97871412305
139,5000,5e-06,1e-05,500,pade5_3,177398.62678073865
140,5000,5e-06,1e-05,500,pade6_4,181526.70142002087
141,5000,5e-06,1e-05,5000,pade4_2,215274.050401537
142,5000,5e-06,1e-05,5000,pade5_3,184294.5657524743
143,5000,5e-06,1e-05,5000,pade6_4,7.133006370547357e+57
144,5000,5e-06,0.0001,50,pade4_2,159020.01000278938
145,5000,5e-06,0.0001,50,pade5_3,156945.89559721862
146,5000,5e-06,0.0001,50,pade6_4,156951.561610913
147,5000,5e-06,0.0001,500,pade4_2,161832.3453620909
148,5000,5e-06,0.0001,500,pade5_3,167049.11459766855
149,5000,5e-06,0.0001,500,pade6_4,157744.27107784612
150,5000,5e-06,0.0001,5000,pade4_2,172337.87919130115
151,5000,5e-06,0.0001,5000,pade5_3,164546.326851229
152,5000,5e-06,0.0001,5000,pade6_4,180045.20679507573
153,5000,5e-06,0.001,50,pade4_2,180590.71477415564
154,5000,5e-06,0.001,50,pade5_3,162011.28742954915
155,5000,5e-06,0.001,50,pade6_4,inf
156,5000,5e-06,0.001,500,pade4_2,6.792665052807912e+73
157,5000,5e-06,0.001,500,pade5_3,205156.6110554926
158,5000,5e-06,0.001,500,pade6_4,3.219401951023903e+90
159,5000,5e-06,0.001,5000,pade4_2,5.402797515687362e+28
160,5000,5e-06,0.001,5000,pade5_3,155685.01021436742
161,5000,5e-06,0.001,5000,pade6_4,157674.8095663133
162,10000,5e-08,1e-05,50,pade4_2,169507.02927070943
163,10000,5e-08,1e-05,50,pade5_3,169747.45355587613
164,10000,5e-08,1e-05,50,pade6_4,169614.3388562282
165,10000,5e-08,1e-05,500,pade4_2,171690.5993395815
166,10000,5e-08,1e-05,500,pade5_3,172471.08339309346
167,10000,5e-08,1e-05,500,pade6_4,173831.86445649774
168,10000,5e-08,1e-05,5000,pade4_2,191758.17958518126
169,10000,5e-08,1e-05,5000,pade5_3,200196.0572293512
170,10000,5e-08,1e-05,5000,pade6_4,203777.05854651865
171,10000,5e-08,0.0001,50,pade4_2,156320.25331255197
172,10000,5e-08,0.0001,50,pade5_3,155833.99878912244
173,10000,5e-08,0.0001,50,pade6_4,155803.44615757826
174,10000,5e-08,0.0001,500,pade4_2,157433.53908930215
175,10000,5e-08,0.0001,500,pade5_3,158371.3719050541
176,10000,5e-08,0.0001,500,pade6_4,159447.6098209513
177,10000,5e-08,0.0001,5000,pade4_2,157248.60523235236
178,10000,5e-08,0.0001,5000,pade5_3,157364.5737370706
179,10000,5e-08,0.0001,5000,pade6_4,157657.0666129996
180,10000,5e-08,0.001,50,pade4_2,153727.0119978295
181,10000,5e-08,0.001,50,pade5_3,150919.06610883263
182,10000,5e-08,0.001,50,pade6_4,150751.3102730534
183,10000,5e-08,0.001,500,pade4_2,252419.52901950054
184,10000,5e-08,0.001,500,pade5_3,202831.47302618253
185,10000,5e-08,0.001,500,pade6_4,161834.86079080906
186,10000,5e-08,0.001,5000,pade4_2,2.9398334288067386e+120
187,10000,5e-08,0.001,5000,pade5_3,203657.36587544015
188,10000,5e-08,0.001,5000,pade6_4,159718.2791631861
189,10000,5e-07,1e-05,50,pade4_2,170324.8123031724
190,10000,5e-07,1e-05,50,pade5_3,169960.67618286744
191,10000,5e-07,1e-05,50,pade6_4,170017.19355053027
192,10000,5e-07,1e-05,500,pade4_2,174414.90977891738
193,10000,5e-07,1e-05,500,pade5_3,173404.70219374963
194,10000,5e-07,1e-05,500,pade6_4,175294.3174937889
195,10000,5e-07,1e-05,5000,pade4_2,2.2412603499566344e+20
196,10000,5e-07,1e-05,5000,pade5_3,369591.8498301282
197,10000,5e-07,1e-05,5000,pade6_4,233594.10597024194
198,10000,5e-07,0.0001,50,pade4_2,156621.6724522507
199,10000,5e-07,0.0001,50,pade5_3,156192.86653700657
200,10000,5e-07,0.0001,50,pade6_4,156961.53953403936
201,10000,5e-07,0.0001,500,pade4_2,161083.1657870126
202,10000,5e-07,0.0001,500,pade5_3,157370.21471913846
203,10000,5e-07,0.0001,500,pade6_4,157679.047391464
204,10000,5e-07,0.0001,5000,pade4_2,166683.8203809418
205,10000,5e-07,0.0001,5000,pade5_3,167702.20322375355
206,10000,5e-07,0.0001,5000,pade6_4,164079.8118084731
207,10000,5e-07,0.001,50,pade4_2,169286.56805022154
208,10000,5e-07,0.001,50,pade5_3,190370.06646406438
209,10000,5e-07,0.001,50,pade6_4,157353.14300863392
210,10000,5e-07,0.001,500,pade4_2,2.9522756662349537e+123
211,10000,5e-07,0.001,500,pade5_3,167567.66151524204
212,10000,5e-07,0.001,500,pade6_4,302697.85528517934
213,10000,5e-07,0.001,5000,pade4_2,8.467501737665234e+138
214,10000,5e-07,0.001,5000,pade5_3,38786330.12549353
215,10000,5e-07,0.001,5000,pade6_4,394852.63639684423
216,10000,5e-06,1e-05,50,pade4_2,170136.04137661628
217,10000,5e-06,1e-05,50,pade5_3,170793.2235757104
218,10000,5e-06,1e-05,50,pade6_4,170343.99889800302
219,10000,5e-06,1e-05,500,pade4_2,171493.36102290757
220,10000,5e-06,1e-05,500,pade5_3,173072.80342842222
221,10000,5e-06,1e-05,500,pade6_4,173147.4663779423
222,10000,5e-06,1e-05,5000,pade4_2,1.167210222959994e+26
223,10000,5e-06,1e-05,5000,pade5_3,190845.72554156516
224,10000,5e-06,1e-05,5000,pade6_4,176534.39589605737
225,10000,5e-06,0.0001,50,pade4_2,164468.96254209272
226,10000,5e-06,0.0001,50,pade5_3,157453.78064958806
227,10000,5e-06,0.0001,50,pade6_4,155161.7262537718
228,10000,5e-06,0.0001,500,pade4_2,164138.35694520586
229,10000,5e-06,0.0001,500,pade5_3,167284.75295223822
230,10000,5e-06,0.0001,500,pade6_4,155273.87969583308
231,10000,5e-06,0.0001,5000,pade4_2,175747.77913093034
232,10000,5e-06,0.0001,5000,pade5_3,154431.1851140696
233,10000,5e-06,0.0001,5000,pade6_4,154533.9896162885
234,10000,5e-06,0.001,50,pade4_2,170501.6750127851
235,10000,5e-06,0.001,50,pade5_3,5.959513321909096e+30
236,10000,5e-06,0.001,50,pade6_4,173646.59506446685
237,10000,5e-06,0.001,500,pade4_2,inf
238,10000,5e-06,0.001,500,pade5_3,224163.58954674538
239,10000,5e-06,0.001,500,pade6_4,158668.1060797069
240,10000,5e-06,0.001,5000,pade4_2,6.351651106690869e+33
241,10000,5e-06,0.001,5000,pade5_3,2.4426381484348525e+31
242,10000,5e-06,0.001,5000,pade6_4,2447776702.561477
