,Nfpts,stepSize,forwardStep,forwardN,func,prediction
0,1000,5e-08,1e-05,50,pade4_2,123652.77592118522
1,1000,5e-08,1e-05,50,pade5_3,123187.82089780661
2,1000,5e-08,1e-05,50,pade6_4,124079.02112224499
3,1000,5e-08,1e-05,500,pade4_2,131126.7168621984
4,1000,5e-08,1e-05,500,pade5_3,129695.63077452146
5,1000,5e-08,1e-05,500,pade6_4,130703.76584580749
6,1000,5e-08,1e-05,5000,pade4_2,137450.042773295
7,1000,5e-08,1e-05,5000,pade5_3,134980.67459136958
8,1000,5e-08,1e-05,5000,pade6_4,139456.5144323038
9,1000,5e-08,0.0001,50,pade4_2,123933.74183078011
10,1000,5e-08,0.0001,50,pade5_3,213641.9972059199
11,1000,5e-08,0.0001,50,pade6_4,180452.42203004865
12,1000,5e-08,0.0001,500,pade4_2,inf
13,1000,5e-08,0.0001,500,pade5_3,540829.5091321609
14,1000,5e-08,0.0001,500,pade6_4,517460.8975350248
15,1000,5e-08,0.0001,5000,pade4_2,977319.3510161386
16,1000,5e-08,0.0001,5000,pade5_3,282462.02035694505
17,1000,5e-08,0.0001,5000,pade6_4,412963.81259582663
18,1000,5e-08,0.001,50,pade4_2,112826.89948786776
19,1000,5e-08,0.001,50,pade5_3,112490.15931028272
20,1000,5e-08,0.001,50,pade6_4,106062.5721441762
21,1000,5e-08,0.001,500,pade4_2,135330.88983053056
22,1000,5e-08,0.001,500,pade5_3,128974.16823772636
23,1000,5e-08,0.001,500,pade6_4,121924.8170007369
24,1000,5e-08,0.001,5000,pade4_2,134659.84567215978
25,1000,5e-08,0.001,5000,pade5_3,128998.3612130951
26,1000,5e-08,0.001,5000,pade6_4,127660.53274039803
27,1000,5e-07,1e-05,50,pade4_2,123258.63433527054
28,1000,5e-07,1e-05,50,pade5_3,127202.70503367299
29,1000,5e-07,1e-05,50,pade6_4,129765.7637542555
30,1000,5e-07,1e-05,500,pade4_2,128534.05524120759
31,1000,5e-07,1e-05,500,pade5_3,129935.33847486148
32,1000,5e-07,1e-05,500,pade6_4,131177.83386115506
33,1000,5e-07,1e-05,5000,pade4_2,136919.46526582548
34,1000,5e-07,1e-05,5000,pade5_3,138357.71554535447
35,1000,5e-07,1e-05,5000,pade6_4,128604.04702080411
36,1000,5e-07,0.0001,50,pade4_2,169493.32942311396
37,1000,5e-07,0.0001,50,pade5_3,120893.91361975842
38,1000,5e-07,0.0001,50,pade6_4,152928.34154496904
39,1000,5e-07,0.0001,500,pade4_2,1.4100519354558246e+20
40,1000,5e-07,0.0001,500,pade5_3,575135.666334253
41,1000,5e-07,0.0001,500,pade6_4,238659.51301628773
42,1000,5e-07,0.0001,5000,pade4_2,2.0973996008641405e+22
43,1000,5e-07,0.0001,5000,pade5_3,6571128.863095059
44,1000,5e-07,0.0001,5000,pade6_4,5571513.049572921
45,1000,5e-07,0.001,50,pade4_2,124266.314260295
46,1000,5e-07,0.001,50,pade5_3,127872.00084581107
47,1000,5e-07,0.001,50,pade6_4,112726.54103098914
48,1000,5e-07,0.001,500,pade4_2,133644.43391102907
49,1000,5e-07,0.001,500,pade5_3,133832.20541191805
50,1000,5e-07,0.001,500,pade6_4,120086.82682132919
51,1000,5e-07,0.001,5000,pade4_2,142725.94554046608
52,1000,5e-07,0.001,5000,pade5_3,142596.50384961953
53,1000,5e-07,0.001,5000,pade6_4,133093.1785653831
54,1000,5e-06,1e-05,50,pade4_2,124881.19936898303
55,1000,5e-06,1e-05,50,pade5_3,125583.50513224589
56,1000,5e-06,1e-05,50,pade6_4,128400.97463675293
57,1000,5e-06,1e-05,500,pade4_2,123964.49792008547
58,1000,5e-06,1e-05,500,pade5_3,127700.98238052936
59,1000,5e-06,1e-05,500,pade6_4,127558.14002964916
60,1000,5e-06,1e-05,5000,pade4_2,183255.61432428827
61,1000,5e-06,1e-05,5000,pade5_3,158533.12104432186
62,1000,5e-06,1e-05,5000,pade6_4,135253.71912315206
63,1000,5e-06,0.0001,50,pade4_2,236526.98193163078
64,1000,5e-06,0.0001,50,pade5_3,2.6677372509848266e+17
65,1000,5e-06,0.0001,50,pade6_4,243677.457787115
66,1000,5e-06,0.0001,500,pade4_2,1.35730941748187e+21
67,1000,5e-06,0.0001,500,pade5_3,145072.17913828793
68,1000,5e-06,0.0001,500,pade6_4,251247.1204442647
69,1000,5e-06,0.0001,5000,pade4_2,58889771.21775791
70,1000,5e-06,0.0001,5000,pade5_3,2.404283261996654e+25
71,1000,5e-06,0.0001,5000,pade6_4,2.477014106420776e+18
72,1000,5e-06,0.001,50,pade4_2,128158.86719402573
73,1000,5e-06,0.001,50,pade5_3,110211.35756996648
74,1000,5e-06,0.001,50,pade6_4,142775.83244122885
75,1000,5e-06,0.001,500,pade4_2,132357.28711392713
76,1000,5e-06,0.001,500,pade5_3,144722.2633124597
77,1000,5e-06,0.001,500,pade6_4,105861.0750886936
78,1000,5e-06,0.001,5000,pade4_2,146276.8558789418
79,1000,5e-06,0.001,5000,pade5_3,144270.07615773194
80,1000,5e-06,0.001,5000,pade6_4,145194.32331893963
81,5000,5e-08,1e-05,50,pade4_2,161941.90269272428
82,5000,5e-08,1e-05,50,pade5_3,709382.6068302966
83,5000,5e-08,1e-05,50,pade6_4,340295.15167337924
84,5000,5e-08,1e-05,500,pade4_2,199886.57014690386
85,5000,5e-08,1e-05,500,pade5_3,187732.17038039054
86,5000,5e-08,1e-05,500,pade6_4,193335.53742400504
87,5000,5e-08,1e-05,5000,pade4_2,165913.49412694375
88,5000,5e-08,1e-05,5000,pade5_3,187077.32745888407
89,5000,5e-08,1e-05,5000,pade6_4,179049.17748392659
90,5000,5e-08,0.0001,50,pade4_2,255145.98695313119
91,5000,5e-08,0.0001,50,pade5_3,436920.5206688249
92,5000,5e-08,0.0001,50,pade6_4,329622.15405610285
93,5000,5e-08,0.0001,500,pade4_2,424375.7615441929
94,5000,5e-08,0.0001,500,pade5_3,278756.21804222476
95,5000,5e-08,0.0001,500,pade6_4,318296.6354844292
96,5000,5e-08,0.0001,5000,pade4_2,474757.92477800295
97,5000,5e-08,0.0001,5000,pade5_3,429884.34078376024
98,5000,5e-08,0.0001,5000,pade6_4,441888.36964745884
99,5000,5e-08,0.001,50,pade4_2,115270.60603371095
100,5000,5e-08,0.001,50,pade5_3,100432.39975747227
101,5000,5e-08,0.001,50,pade6_4,103322.36373029438
102,5000,5e-08,0.001,500,pade4_2,262836.53784766915
103,5000,5e-08,0.001,500,pade5_3,113986.64739238177
104,5000,5e-08,0.001,500,pade6_4,134657.72339544044
105,5000,5e-08,0.001,5000,pade4_2,295528.32543933514
106,5000,5e-08,0.001,5000,pade5_3,144640.5099138183
107,5000,5e-08,0.001,5000,pade6_4,157628.1943527202
108,5000,5e-07,1e-05,50,pade4_2,155090.8762326351
109,5000,5e-07,1e-05,50,pade5_3,188025.43186023235
110,5000,5e-07,1e-05,50,pade6_4,141034.54423632703
111,5000,5e-07,1e-05,500,pade4_2,167721.09629449408
112,5000,5e-07,1e-05,500,pade5_3,152753.83724772287
113,5000,5e-07,1e-05,500,pade6_4,162849.31378115897
114,5000,5e-07,1e-05,5000,pade4_2,149732.1692714947
115,5000,5e-07,1e-05,5000,pade5_3,175015.27275403053
116,5000,5e-07,1e-05,5000,pade6_4,140255.1752370885
117,5000,5e-07,0.0001,50,pade4_2,386066.64474478166
118,5000,5e-07,0.0001,50,pade5_3,45528813329924.0
119,5000,5e-07,0.0001,50,pade6_4,150099.71738529773
120,5000,5e-07,0.0001,500,pade4_2,352871.313370035
121,5000,5e-07,0.0001,500,pade5_3,504620.70140369365
122,5000,5e-07,0.0001,500,pade6_4,178539.64535142467
123,5000,5e-07,0.0001,5000,pade4_2,540950.2906094514
124,5000,5e-07,0.0001,5000,pade5_3,379763.9746839612
125,5000,5e-07,0.0001,5000,pade6_4,531532.4528918695
126,5000,5e-07,0.001,50,pade4_2,144476.06671625955
127,5000,5e-07,0.001,50,pade5_3,189100.378468403
128,5000,5e-07,0.001,50,pade6_4,115757.45212225761
129,5000,5e-07,0.001,500,pade4_2,379987.75566285785
130,5000,5e-07,0.001,500,pade5_3,173820.28931733736
131,5000,5e-07,0.001,500,pade6_4,141576.0423201022
132,5000,5e-07,0.001,5000,pade4_2,355403.88756173325
133,5000,5e-07,0.001,5000,pade5_3,159322.90590199784
134,5000,5e-07,0.001,5000,pade6_4,231693.11744083566
135,5000,5e-06,1e-05,50,pade4_2,169997.15996948633
136,5000,5e-06,1e-05,50,pade5_3,132925.89588793347
137,5000,5e-06,1e-05,50,pade6_4,168091.89309567833
138,5000,5e-06,1e-05,500,pade4_2,148571.93756186846
139,5000,5e-06,1e-05,500,pade5_3,134995.91585932765
140,5000,5e-06,1e-05,500,pade6_4,147291.2467714998
141,5000,5e-06,1e-05,5000,pade4_2,139750.72251211785
142,5000,5e-06,1e-05,5000,pade5_3,535486.471554522
143,5000,5e-06,1e-05,5000,pade6_4,275807.3987215896
144,5000,5e-06,0.0001,50,pade4_2,318655.3904797332
145,5000,5e-06,0.0001,50,pade5_3,412176.9607339966
146,5000,5e-06,0.0001,50,pade6_4,431149.00683637976
147,5000,5e-06,0.0001,500,pade4_2,431204.5151700563
148,5000,5e-06,0.0001,500,pade5_3,1464860.638985163
149,5000,5e-06,0.0001,500,pade6_4,634645.8523835863
150,5000,5e-06,0.0001,5000,pade4_2,347786.255602306
151,5000,5e-06,0.0001,5000,pade5_3,310128.51869232004
152,5000,5e-06,0.0001,5000,pade6_4,754511.1745339461
153,5000,5e-06,0.001,50,pade4_2,139806.089141004
154,5000,5e-06,0.001,50,pade5_3,353037.15844998934
155,5000,5e-06,0.001,50,pade6_4,116775.58836066296
156,5000,5e-06,0.001,500,pade4_2,342474.0699740438
157,5000,5e-06,0.001,500,pade5_3,110176.99075332
158,5000,5e-06,0.001,500,pade6_4,358090.1371704852
159,5000,5e-06,0.001,5000,pade4_2,357000.4549114067
160,5000,5e-06,0.001,5000,pade5_3,365304.542456156
161,5000,5e-06,0.001,5000,pade6_4,357757.29647575365
162,10000,5e-08,1e-05,50,pade4_2,141874.10066521188
163,10000,5e-08,1e-05,50,pade5_3,201495.0118195511
164,10000,5e-08,1e-05,50,pade6_4,225972.6015148066
165,10000,5e-08,1e-05,500,pade4_2,189353.33314942953
166,10000,5e-08,1e-05,500,pade5_3,173828.21137060958
167,10000,5e-08,1e-05,500,pade6_4,178179.46609977903
168,10000,5e-08,1e-05,5000,pade4_2,161035.36263128856
169,10000,5e-08,1e-05,5000,pade5_3,163818.44745579507
170,10000,5e-08,1e-05,5000,pade6_4,179421.9405904616
171,10000,5e-08,0.0001,50,pade4_2,172155.18257193032
172,10000,5e-08,0.0001,50,pade5_3,217623.925375121
173,10000,5e-08,0.0001,50,pade6_4,130671.6104603803
174,10000,5e-08,0.0001,500,pade4_2,255395.91005430414
175,10000,5e-08,0.0001,500,pade5_3,272805.6256720641
176,10000,5e-08,0.0001,500,pade6_4,267435.44083221635
177,10000,5e-08,0.0001,5000,pade4_2,244798.04365741456
178,10000,5e-08,0.0001,5000,pade5_3,265489.31739631953
179,10000,5e-08,0.0001,5000,pade6_4,274254.0556190732
180,10000,5e-08,0.001,50,pade4_2,113621.7623708876
181,10000,5e-08,0.001,50,pade5_3,113409.39255300778
182,10000,5e-08,0.001,50,pade6_4,102074.57629652382
183,10000,5e-08,0.001,500,pade4_2,198347.3707090642
184,10000,5e-08,0.001,500,pade5_3,138721.31544729962
185,10000,5e-08,0.001,500,pade6_4,136648.04548900205
186,10000,5e-08,0.001,5000,pade4_2,201510.75552090662
187,10000,5e-08,0.001,5000,pade5_3,147707.55606785076
188,10000,5e-08,0.001,5000,pade6_4,154416.1245031865
189,10000,5e-07,1e-05,50,pade4_2,188522.61088374103
190,10000,5e-07,1e-05,50,pade5_3,178510.0525273763
191,10000,5e-07,1e-05,50,pade6_4,145145.05305022813
192,10000,5e-07,1e-05,500,pade4_2,161591.14973606254
193,10000,5e-07,1e-05,500,pade5_3,156970.99732485221
194,10000,5e-07,1e-05,500,pade6_4,164160.35721583382
195,10000,5e-07,1e-05,5000,pade4_2,174971.67134760614
196,10000,5e-07,1e-05,5000,pade5_3,169585.2050641722
197,10000,5e-07,1e-05,5000,pade6_4,186373.03330906483
198,10000,5e-07,0.0001,50,pade4_2,147214.83234544037
199,10000,5e-07,0.0001,50,pade5_3,219636.50440683786
200,10000,5e-07,0.0001,50,pade6_4,265905.74696227565
201,10000,5e-07,0.0001,500,pade4_2,250262.25272098003
202,10000,5e-07,0.0001,500,pade5_3,270201.653501962
203,10000,5e-07,0.0001,500,pade6_4,288464.985654128
204,10000,5e-07,0.0001,5000,pade4_2,279961.3411073634
205,10000,5e-07,0.0001,5000,pade5_3,244241.08557128944
206,10000,5e-07,0.0001,5000,pade6_4,293545.11227658275
207,10000,5e-07,0.001,50,pade4_2,140666.27338423618
208,10000,5e-07,0.001,50,pade5_3,110611.14483492351
209,10000,5e-07,0.001,50,pade6_4,115039.76076313073
210,10000,5e-07,0.001,500,pade4_2,192817.65999587273
211,10000,5e-07,0.001,500,pade5_3,146834.0901860423
212,10000,5e-07,0.001,500,pade6_4,177998.6981489871
213,10000,5e-07,0.001,5000,pade4_2,222169.40405325688
214,10000,5e-07,0.001,5000,pade5_3,130251.03684481783
215,10000,5e-07,0.001,5000,pade6_4,172848.71049589512
216,10000,5e-06,1e-05,50,pade4_2,133455.19747458308
217,10000,5e-06,1e-05,50,pade5_3,138553.97296925262
218,10000,5e-06,1e-05,50,pade6_4,160721.26493929053
219,10000,5e-06,1e-05,500,pade4_2,140339.0954970531
220,10000,5e-06,1e-05,500,pade5_3,155400.1359600092
221,10000,5e-06,1e-05,500,pade6_4,164976.5657382258
222,10000,5e-06,1e-05,5000,pade4_2,245643.52150199006
223,10000,5e-06,1e-05,5000,pade5_3,186645.06446248814
224,10000,5e-06,1e-05,5000,pade6_4,155113.27864714517
225,10000,5e-06,0.0001,50,pade4_2,336514.45393130014
226,10000,5e-06,0.0001,50,pade5_3,121166.18589327844
227,10000,5e-06,0.0001,50,pade6_4,253788.2228819763
228,10000,5e-06,0.0001,500,pade4_2,291626.0075289857
229,10000,5e-06,0.0001,500,pade5_3,280059.1370306748
230,10000,5e-06,0.0001,500,pade6_4,252093.1404250686
231,10000,5e-06,0.0001,5000,pade4_2,310385.1689732595
232,10000,5e-06,0.0001,5000,pade5_3,263912.3851921111
233,10000,5e-06,0.0001,5000,pade6_4,249014.34507715664
234,10000,5e-06,0.001,50,pade4_2,175043.83521490614
235,10000,5e-06,0.001,50,pade5_3,160398.9209648477
236,10000,5e-06,0.001,50,pade6_4,144345.72767974672
237,10000,5e-06,0.001,500,pade4_2,193213.66619204805
238,10000,5e-06,0.001,500,pade5_3,223675.40479348155
239,10000,5e-06,0.001,500,pade6_4,220087.54956316607
240,10000,5e-06,0.001,5000,pade4_2,227799.41476482898
241,10000,5e-06,0.001,5000,pade5_3,136211.6253664844
242,10000,5e-06,0.001,5000,pade6_4,231510.11400219076
