,Nfpts,forwardStep,forwardN,func,prediction
0,1000,1e-05,50,pade4_2,165149.64295837164
1,1000,1e-05,50,pade5_3,165149.6367116048
2,1000,1e-05,50,pade6_4,165149.62853128996
3,1000,1e-05,500,pade4_2,179169.70302261857
4,1000,1e-05,500,pade5_3,5634146167930140.0
5,1000,1e-05,500,pade6_4,165365.00446216826
6,1000,1e-05,5000,pade4_2,179450.9378628365
7,1000,1e-05,5000,pade5_3,165289.74860516522
8,1000,1e-05,5000,pade6_4,165217.36942288085
9,1000,0.0001,50,pade4_2,156861.21941860672
10,1000,0.0001,50,pade5_3,156861.2497789969
11,1000,0.0001,50,pade6_4,156861.8292607198
12,1000,0.0001,500,pade4_2,175365.54360016287
13,1000,0.0001,500,pade5_3,167532.6222768538
14,1000,0.0001,500,pade6_4,167833.38402528927
15,1000,0.0001,5000,pade4_2,175241.5973409546
16,1000,0.0001,5000,pade5_3,171288.62518182877
17,1000,0.0001,5000,pade6_4,162570.98080046734
18,1000,0.001,50,pade4_2,156061.07020779338
19,1000,0.001,50,pade5_3,156025.54800767644
20,1000,0.001,50,pade6_4,156022.88065011383
21,1000,0.001,500,pade4_2,156080.05076130023
22,1000,0.001,500,pade5_3,156081.9601290257
23,1000,0.001,500,pade6_4,156827.39818151182
24,1000,0.001,5000,pade4_2,156637.09238655976
25,1000,0.001,5000,pade5_3,156363.00217130178
26,1000,0.001,5000,pade6_4,156373.3540862822
27,5000,1e-05,50,pade4_2,181579.413136456
28,5000,1e-05,50,pade5_3,180855.0009866409
29,5000,1e-05,50,pade6_4,171784.3317324518
30,5000,1e-05,500,pade4_2,1.1908776681994344e+17
31,5000,1e-05,500,pade5_3,1445862295.2737467
32,5000,1e-05,500,pade6_4,8614285670.673883
33,5000,1e-05,5000,pade4_2,10369690242827.51
34,5000,1e-05,5000,pade5_3,175336.81938897283
35,5000,1e-05,5000,pade6_4,2506710053814003.5
36,5000,0.0001,50,pade4_2,15681958.80884182
37,5000,0.0001,50,pade5_3,199580.06246002085
38,5000,0.0001,50,pade6_4,153163.82711725685
39,5000,0.0001,500,pade4_2,164160.52094299626
40,5000,0.0001,500,pade5_3,387292122.3635596
41,5000,0.0001,500,pade6_4,275766.5514052237
42,5000,0.0001,5000,pade4_2,164287.5813309979
43,5000,0.0001,5000,pade5_3,2495179.7781355996
44,5000,0.0001,5000,pade6_4,162712.87346221364
45,5000,0.001,50,pade4_2,148486.3561265339
46,5000,0.001,50,pade5_3,149737.70448381934
47,5000,0.001,50,pade6_4,148523.62386777267
48,5000,0.001,500,pade4_2,489538155.652466
49,5000,0.001,500,pade5_3,152028.60714350906
50,5000,0.001,500,pade6_4,3.754603666310468e+32
51,5000,0.001,5000,pade4_2,1452593399537788.0
52,5000,0.001,5000,pade5_3,152382.2559350147
53,5000,0.001,5000,pade6_4,152691.66952934567
54,10000,1e-05,50,pade4_2,166208.7986581005
55,10000,1e-05,50,pade5_3,173004.68175786367
56,10000,1e-05,50,pade6_4,166221.91168583673
57,10000,1e-05,500,pade4_2,3.318572990771724e+17
58,10000,1e-05,500,pade5_3,167161.26282453685
59,10000,1e-05,500,pade6_4,1.5224505679286782e+23
60,10000,1e-05,5000,pade4_2,167145.03598285903
61,10000,1e-05,5000,pade5_3,10075757908784.865
62,10000,1e-05,5000,pade6_4,157319068990658.75
63,10000,0.0001,50,pade4_2,151428.93157170032
64,10000,0.0001,50,pade5_3,177524.44679966336
65,10000,0.0001,50,pade6_4,173081.07077301195
66,10000,0.0001,500,pade4_2,218449.70840953573
67,10000,0.0001,500,pade5_3,170417.78298809085
68,10000,0.0001,500,pade6_4,172539.24147547438
69,10000,0.0001,5000,pade4_2,160540.43388688267
70,10000,0.0001,5000,pade5_3,197434.05789548505
71,10000,0.0001,5000,pade6_4,179508.66879903848
72,10000,0.001,50,pade4_2,147702.76281146402
73,10000,0.001,50,pade5_3,147720.43431796852
74,10000,0.001,50,pade6_4,147702.50381330273
75,10000,0.001,500,pade4_2,168556.85811271673
76,10000,0.001,500,pade5_3,150183.85453468192
77,10000,0.001,500,pade6_4,150186.54543625072
78,10000,0.001,5000,pade4_2,5571979189.323077
79,10000,0.001,5000,pade5_3,150475.4629127574
80,10000,0.001,5000,pade6_4,150475.528223539
