,Nfpts,forwardStep,forwardN,func,prediction
0,1000,1e-05,50,pade4_2,177657.65182450475
1,1000,1e-05,50,pade5_3,181008.2575830437
2,1000,1e-05,50,pade6_4,181296.92224032286
3,1000,1e-05,500,pade4_2,179811.9678276091
4,1000,1e-05,500,pade5_3,179811.58587052565
5,1000,1e-05,500,pade6_4,179811.62157665638
6,1000,1e-05,5000,pade4_2,179692.52905136408
7,1000,1e-05,5000,pade5_3,179700.40623547704
8,1000,1e-05,5000,pade6_4,179700.24552844546
9,1000,0.0001,50,pade4_2,150900.593437816
10,1000,0.0001,50,pade5_3,150900.59741940207
11,1000,0.0001,50,pade6_4,3.2418877481695734e+23
12,1000,0.0001,500,pade4_2,1.195335662947981e+18
13,1000,0.0001,500,pade5_3,10051335.7031833
14,1000,0.0001,500,pade6_4,241148.96261012487
15,1000,0.0001,5000,pade4_2,196348.2767091722
16,1000,0.0001,5000,pade5_3,196498.2363983272
17,1000,0.0001,5000,pade6_4,244153.60662312602
18,1000,0.001,50,pade4_2,141260.08443426818
19,1000,0.001,50,pade5_3,141271.67054050756
20,1000,0.001,50,pade6_4,141256.95768667228
21,1000,0.001,500,pade4_2,203217.973199242
22,1000,0.001,500,pade5_3,370832.9068437986
23,1000,0.001,500,pade6_4,146985.79086477833
24,1000,0.001,5000,pade4_2,195757.32271144158
25,1000,0.001,5000,pade5_3,304121.6744647965
26,1000,0.001,5000,pade6_4,147591.89046480504
27,5000,1e-05,50,pade4_2,173652.6221865122
28,5000,1e-05,50,pade5_3,173676.15127990805
29,5000,1e-05,50,pade6_4,172512.83998098024
30,5000,1e-05,500,pade4_2,173777.6400978275
31,5000,1e-05,500,pade5_3,201210.44424028188
32,5000,1e-05,500,pade6_4,17180023442833.092
33,5000,1e-05,5000,pade4_2,173814.49334707658
34,5000,1e-05,5000,pade5_3,450186690209.60315
35,5000,1e-05,5000,pade6_4,13697517686028.035
36,5000,0.0001,50,pade4_2,183044.6865588595
37,5000,0.0001,50,pade5_3,155535.12164086365
38,5000,0.0001,50,pade6_4,155535.31860046412
39,5000,0.0001,500,pade4_2,163669.8583627528
40,5000,0.0001,500,pade5_3,163439.68782417287
41,5000,0.0001,500,pade6_4,164279.20174830063
42,5000,0.0001,5000,pade4_2,270332.5180294001
43,5000,0.0001,5000,pade5_3,260313.52079911457
44,5000,0.0001,5000,pade6_4,31463694.47038157
45,5000,0.001,50,pade4_2,151407.6437881527
46,5000,0.001,50,pade5_3,151923.42462609996
47,5000,0.001,50,pade6_4,151923.39301065778
48,5000,0.001,500,pade4_2,11919856323.838587
49,5000,0.001,500,pade5_3,2.8836957285613955e+34
50,5000,0.001,500,pade6_4,154394.13076746592
51,5000,0.001,5000,pade4_2,155978.70545184272
52,5000,0.001,5000,pade5_3,155530.06206885527
53,5000,0.001,5000,pade6_4,1.2971324400272815e+21
54,10000,1e-05,50,pade4_2,169461.59034047113
55,10000,1e-05,50,pade5_3,169685.1823981439
56,10000,1e-05,50,pade6_4,169476.64310139188
57,10000,1e-05,500,pade4_2,811021444.0352327
58,10000,1e-05,500,pade5_3,125821357322.85367
59,10000,1e-05,500,pade6_4,170504.6824056349
60,10000,1e-05,5000,pade4_2,1.4782287283164384e+20
61,10000,1e-05,5000,pade5_3,1018838950.4965041
62,10000,1e-05,5000,pade6_4,170299.47824703553
63,10000,0.0001,50,pade4_2,154334.04283081155
64,10000,0.0001,50,pade5_3,179846.67442860728
65,10000,0.0001,50,pade6_4,155390.29079856823
66,10000,0.0001,500,pade4_2,162933.93692938815
67,10000,0.0001,500,pade5_3,154264.1848759935
68,10000,0.0001,500,pade6_4,154264.15435090952
69,10000,0.0001,5000,pade4_2,288094.7945947333
70,10000,0.0001,5000,pade5_3,154321.70145186168
71,10000,0.0001,5000,pade6_4,154321.48216913713
72,10000,0.001,50,pade4_2,148694.48886500494
73,10000,0.001,50,pade5_3,148694.91570835997
74,10000,0.001,50,pade6_4,148708.6898372262
75,10000,0.001,500,pade4_2,314629087824257.7
76,10000,0.001,500,pade5_3,152015.2221302253
77,10000,0.001,500,pade6_4,152015.04903575484
78,10000,0.001,5000,pade4_2,1135386.3960672577
79,10000,0.001,5000,pade5_3,152443.96327043968
80,10000,0.001,5000,pade6_4,152443.52989280105
