,Nfpts,stepSize,forwardStep,forwardN,func,prediction
0,1000,5e-08,1e-05,50,pade4_2,456145.4196286599
1,1000,5e-08,1e-05,50,pade5_3,532786.5025750865
2,1000,5e-08,1e-05,50,pade6_4,467206.60481745884
3,1000,5e-08,1e-05,500,pade4_2,433048.61845022754
4,1000,5e-08,1e-05,500,pade5_3,380235.95523977175
5,1000,5e-08,1e-05,500,pade6_4,405591.1330169732
6,1000,5e-08,1e-05,5000,pade4_2,391522.9346194547
7,1000,5e-08,1e-05,5000,pade5_3,385195.7838201776
8,1000,5e-08,1e-05,5000,pade6_4,367015.92529738
9,1000,5e-08,0.0001,50,pade4_2,395329.20319753356
10,1000,5e-08,0.0001,50,pade5_3,410646.5647858557
11,1000,5e-08,0.0001,50,pade6_4,378500.0783288597
12,1000,5e-08,0.0001,500,pade4_2,439854.3263516143
13,1000,5e-08,0.0001,500,pade5_3,354703.4693043045
14,1000,5e-08,0.0001,500,pade6_4,340422.44103301154
15,1000,5e-08,0.0001,5000,pade4_2,358826.5167850358
16,1000,5e-08,0.0001,5000,pade5_3,340739.0537360445
17,1000,5e-08,0.0001,5000,pade6_4,344646.29821756796
18,1000,5e-08,0.001,50,pade4_2,182870.92475562636
19,1000,5e-08,0.001,50,pade5_3,182441.8904821025
20,1000,5e-08,0.001,50,pade6_4,169908.8183819529
21,1000,5e-08,0.001,500,pade4_2,229365.5507693267
22,1000,5e-08,0.001,500,pade5_3,233426.6382832828
23,1000,5e-08,0.001,500,pade6_4,206327.23882685968
24,1000,5e-08,0.001,5000,pade4_2,273287.7053494536
25,1000,5e-08,0.001,5000,pade5_3,253152.32429627306
26,1000,5e-08,0.001,5000,pade6_4,276396.5239014002
27,1000,5e-07,1e-05,50,pade4_2,467705.19297591195
28,1000,5e-07,1e-05,50,pade5_3,408078.2132369381
29,1000,5e-07,1e-05,50,pade6_4,530875.8375875097
30,1000,5e-07,1e-05,500,pade4_2,441238.8485931347
31,1000,5e-07,1e-05,500,pade5_3,409555.0724833482
32,1000,5e-07,1e-05,500,pade6_4,377209.64200306265
33,1000,5e-07,1e-05,5000,pade4_2,380997.6208014828
34,1000,5e-07,1e-05,5000,pade5_3,375668.74309956696
35,1000,5e-07,1e-05,5000,pade6_4,376422.21400936384
36,1000,5e-07,0.0001,50,pade4_2,276207.042724816
37,1000,5e-07,0.0001,50,pade5_3,235237.45351757633
38,1000,5e-07,0.0001,50,pade6_4,370830.48155813204
39,1000,5e-07,0.0001,500,pade4_2,338753.76563144056
40,1000,5e-07,0.0001,500,pade5_3,317253.9537791121
41,1000,5e-07,0.0001,500,pade6_4,342159.6096833099
42,1000,5e-07,0.0001,5000,pade4_2,350304.9543912689
43,1000,5e-07,0.0001,5000,pade5_3,356339.61705159507
44,1000,5e-07,0.0001,5000,pade6_4,591530.5889795572
45,1000,5e-07,0.001,50,pade4_2,206417.4905083319
46,1000,5e-07,0.001,50,pade5_3,207751.63403694643
47,1000,5e-07,0.001,50,pade6_4,209568.124537104
48,1000,5e-07,0.001,500,pade4_2,264388.0768536219
49,1000,5e-07,0.001,500,pade5_3,311979.2081589314
50,1000,5e-07,0.001,500,pade6_4,285591.0354942863
51,1000,5e-07,0.001,5000,pade4_2,328155.4810220879
52,1000,5e-07,0.001,5000,pade5_3,301682.75630397553
53,1000,5e-07,0.001,5000,pade6_4,311828.4624791496
54,1000,5e-06,1e-05,50,pade4_2,388587.36779579415
55,1000,5e-06,1e-05,50,pade5_3,381798.8461619387
56,1000,5e-06,1e-05,50,pade6_4,433822.5314000897
57,1000,5e-06,1e-05,500,pade4_2,378537.31482054025
58,1000,5e-06,1e-05,500,pade5_3,377304.3134905355
59,1000,5e-06,1e-05,500,pade6_4,413332.48524212197
60,1000,5e-06,1e-05,5000,pade4_2,373915.6254965951
61,1000,5e-06,1e-05,5000,pade5_3,355512.8646811553
62,1000,5e-06,1e-05,5000,pade6_4,377923.8291434449
63,1000,5e-06,0.0001,50,pade4_2,261346.25881870344
64,1000,5e-06,0.0001,50,pade5_3,344836.13447276084
65,1000,5e-06,0.0001,50,pade6_4,398064.7450670992
66,1000,5e-06,0.0001,500,pade4_2,372214.59815970174
67,1000,5e-06,0.0001,500,pade5_3,338697.2611667404
68,1000,5e-06,0.0001,500,pade6_4,361498.97977534536
69,1000,5e-06,0.0001,5000,pade4_2,319151.1359328288
70,1000,5e-06,0.0001,5000,pade5_3,348111.1997659518
71,1000,5e-06,0.0001,5000,pade6_4,402205.00030492176
72,1000,5e-06,0.001,50,pade4_2,256073.94216946315
73,1000,5e-06,0.001,50,pade5_3,279503.43055885506
74,1000,5e-06,0.001,50,pade6_4,253794.62518159088
75,1000,5e-06,0.001,500,pade4_2,336014.92011697585
76,1000,5e-06,0.001,500,pade5_3,329200.3694740045
77,1000,5e-06,0.001,500,pade6_4,321898.7833815272
78,1000,5e-06,0.001,5000,pade4_2,355549.19310574036
79,1000,5e-06,0.001,5000,pade5_3,246542.38299351788
80,1000,5e-06,0.001,5000,pade6_4,347665.3527368574
81,5000,5e-08,1e-05,50,pade4_2,406300.7511790758
82,5000,5e-08,1e-05,50,pade5_3,317700.5904610478
83,5000,5e-08,1e-05,50,pade6_4,320729.39285660814
84,5000,5e-08,1e-05,500,pade4_2,395609.32155605784
85,5000,5e-08,1e-05,500,pade5_3,424002.6828715697
86,5000,5e-08,1e-05,500,pade6_4,425310.72710195906
87,5000,5e-08,1e-05,5000,pade4_2,412440.03815468954
88,5000,5e-08,1e-05,5000,pade5_3,404895.03082598106
89,5000,5e-08,1e-05,5000,pade6_4,394897.6673367846
90,5000,5e-08,0.0001,50,pade4_2,195056.32003692666
91,5000,5e-08,0.0001,50,pade5_3,252822.97490402017
92,5000,5e-08,0.0001,50,pade6_4,404616.479400959
93,5000,5e-08,0.0001,500,pade4_2,372264.65206282167
94,5000,5e-08,0.0001,500,pade5_3,395278.66725655325
95,5000,5e-08,0.0001,500,pade6_4,378318.033351274
96,5000,5e-08,0.0001,5000,pade4_2,394311.8474010265
97,5000,5e-08,0.0001,5000,pade5_3,381086.27697130304
98,5000,5e-08,0.0001,5000,pade6_4,380047.6433629784
99,5000,5e-08,0.001,50,pade4_2,168614.63483909584
100,5000,5e-08,0.001,50,pade5_3,170414.6999401719
101,5000,5e-08,0.001,50,pade6_4,147316.69857783787
102,5000,5e-08,0.001,500,pade4_2,231451.8426008554
103,5000,5e-08,0.001,500,pade5_3,193310.23623782376
104,5000,5e-08,0.001,500,pade6_4,232570.825303743
105,5000,5e-08,0.001,5000,pade4_2,257780.76747634908
106,5000,5e-08,0.001,5000,pade5_3,259071.03959334237
107,5000,5e-08,0.001,5000,pade6_4,242226.79539807336
108,5000,5e-07,1e-05,50,pade4_2,107862476.37383328
109,5000,5e-07,1e-05,50,pade5_3,867367.2044136898
110,5000,5e-07,1e-05,50,pade6_4,762200.8573381349
111,5000,5e-07,1e-05,500,pade4_2,590937.9861194537
112,5000,5e-07,1e-05,500,pade5_3,378425.4993131791
113,5000,5e-07,1e-05,500,pade6_4,442872.2711317446
114,5000,5e-07,1e-05,5000,pade4_2,409687.0537095452
115,5000,5e-07,1e-05,5000,pade5_3,393160.4796621046
116,5000,5e-07,1e-05,5000,pade6_4,353210.1479932652
117,5000,5e-07,0.0001,50,pade4_2,257079.5126195169
118,5000,5e-07,0.0001,50,pade5_3,291208.92770606314
119,5000,5e-07,0.0001,50,pade6_4,3118007.595247328
120,5000,5e-07,0.0001,500,pade4_2,374198.7093725225
121,5000,5e-07,0.0001,500,pade5_3,368159.4848566069
122,5000,5e-07,0.0001,500,pade6_4,385716.4625020534
123,5000,5e-07,0.0001,5000,pade4_2,445435.25841198204
124,5000,5e-07,0.0001,5000,pade5_3,386034.22099381953
125,5000,5e-07,0.0001,5000,pade6_4,409961.8786157875
126,5000,5e-07,0.001,50,pade4_2,194340.3615676666
127,5000,5e-07,0.001,50,pade5_3,184617.4410986345
128,5000,5e-07,0.001,50,pade6_4,198141.79355244144
129,5000,5e-07,0.001,500,pade4_2,280399.54427926836
130,5000,5e-07,0.001,500,pade5_3,233559.89013615146
131,5000,5e-07,0.001,500,pade6_4,263715.4553016322
132,5000,5e-07,0.001,5000,pade4_2,259802.09320092364
133,5000,5e-07,0.001,5000,pade5_3,342479.81058876246
134,5000,5e-07,0.001,5000,pade6_4,298040.26344875037
135,5000,5e-06,1e-05,50,pade4_2,387001.3834671639
136,5000,5e-06,1e-05,50,pade5_3,421469.6030830325
137,5000,5e-06,1e-05,50,pade6_4,513130.766415463
138,5000,5e-06,1e-05,500,pade4_2,378612.66923156177
139,5000,5e-06,1e-05,500,pade5_3,406059.1736322781
140,5000,5e-06,1e-05,500,pade6_4,385562.48331053206
141,5000,5e-06,1e-05,5000,pade4_2,384476.80456097587
142,5000,5e-06,1e-05,5000,pade5_3,403404.5713252224
143,5000,5e-06,1e-05,5000,pade6_4,385047.0266062301
144,5000,5e-06,0.0001,50,pade4_2,383377.95241140056
145,5000,5e-06,0.0001,50,pade5_3,348748.49627373397
146,5000,5e-06,0.0001,50,pade6_4,328026.59623867227
147,5000,5e-06,0.0001,500,pade4_2,290613.9273222273
148,5000,5e-06,0.0001,500,pade5_3,290545.6280550198
149,5000,5e-06,0.0001,500,pade6_4,351971.99377869617
150,5000,5e-06,0.0001,5000,pade4_2,60288289.045068555
151,5000,5e-06,0.0001,5000,pade5_3,446045.7991252046
152,5000,5e-06,0.0001,5000,pade6_4,307095.32176488894
153,5000,5e-06,0.001,50,pade4_2,265391.0852005839
154,5000,5e-06,0.001,50,pade5_3,238590.93553896877
155,5000,5e-06,0.001,50,pade6_4,222013.76647754936
156,5000,5e-06,0.001,500,pade4_2,324313.61860122875
157,5000,5e-06,0.001,500,pade5_3,340642.3471104116
158,5000,5e-06,0.001,500,pade6_4,326753.62996822316
159,5000,5e-06,0.001,5000,pade4_2,314044.79720816656
160,5000,5e-06,0.001,5000,pade5_3,248937.53061197253
161,5000,5e-06,0.001,5000,pade6_4,307858.494309328
162,10000,5e-08,1e-05,50,pade4_2,368437.27395256213
163,10000,5e-08,1e-05,50,pade5_3,498797.71682454925
164,10000,5e-08,1e-05,50,pade6_4,470952.0857246843
165,10000,5e-08,1e-05,500,pade4_2,433234.11178276426
166,10000,5e-08,1e-05,500,pade5_3,415636.3148362151
167,10000,5e-08,1e-05,500,pade6_4,456372.36317417526
168,10000,5e-08,1e-05,5000,pade4_2,390089.46558224485
169,10000,5e-08,1e-05,5000,pade5_3,389417.718201218
170,10000,5e-08,1e-05,5000,pade6_4,361943.62827179424
171,10000,5e-08,0.0001,50,pade4_2,293717.2441324737
172,10000,5e-08,0.0001,50,pade5_3,365271.39072056336
173,10000,5e-08,0.0001,50,pade6_4,232827.49062454776
174,10000,5e-08,0.0001,500,pade4_2,360216.4658758572
175,10000,5e-08,0.0001,500,pade5_3,335874.1890144675
176,10000,5e-08,0.0001,500,pade6_4,372572.5614658538
177,10000,5e-08,0.0001,5000,pade4_2,369747.8266025939
178,10000,5e-08,0.0001,5000,pade5_3,360731.4039029745
179,10000,5e-08,0.0001,5000,pade6_4,370910.8548970192
180,10000,5e-08,0.001,50,pade4_2,177526.56885530954
181,10000,5e-08,0.001,50,pade5_3,170891.62035648563
182,10000,5e-08,0.001,50,pade6_4,155871.193535989
183,10000,5e-08,0.001,500,pade4_2,217715.81123455637
184,10000,5e-08,0.001,500,pade5_3,240285.67264341353
185,10000,5e-08,0.001,500,pade6_4,215295.30172083585
186,10000,5e-08,0.001,5000,pade4_2,258077.55753571494
187,10000,5e-08,0.001,5000,pade5_3,273997.7502177417
188,10000,5e-08,0.001,5000,pade6_4,262483.2204607967
189,10000,5e-07,1e-05,50,pade4_2,452929.88593469455
190,10000,5e-07,1e-05,50,pade5_3,1057348.9348365783
191,10000,5e-07,1e-05,50,pade6_4,436777.03511044936
192,10000,5e-07,1e-05,500,pade4_2,406437.65762105
193,10000,5e-07,1e-05,500,pade5_3,413456.2883601733
194,10000,5e-07,1e-05,500,pade6_4,416488.1499325286
195,10000,5e-07,1e-05,5000,pade4_2,379597.25428042084
196,10000,5e-07,1e-05,5000,pade5_3,361446.36921739654
197,10000,5e-07,1e-05,5000,pade6_4,364314.8206076559
198,10000,5e-07,0.0001,50,pade4_2,323434.4543068419
199,10000,5e-07,0.0001,50,pade5_3,326635.09838059323
200,10000,5e-07,0.0001,50,pade6_4,399836.5012609827
201,10000,5e-07,0.0001,500,pade4_2,355964.5874553728
202,10000,5e-07,0.0001,500,pade5_3,338448.9524638329
203,10000,5e-07,0.0001,500,pade6_4,320921.803740378
204,10000,5e-07,0.0001,5000,pade4_2,391864.8795527277
205,10000,5e-07,0.0001,5000,pade5_3,394366.8474900016
206,10000,5e-07,0.0001,5000,pade6_4,441452.70895060414
207,10000,5e-07,0.001,50,pade4_2,199041.91174198655
208,10000,5e-07,0.001,50,pade5_3,199169.79431870495
209,10000,5e-07,0.001,50,pade6_4,200368.5417224698
210,10000,5e-07,0.001,500,pade4_2,279007.5169852192
211,10000,5e-07,0.001,500,pade5_3,263143.4253590982
212,10000,5e-07,0.001,500,pade6_4,304933.80379140057
213,10000,5e-07,0.001,5000,pade4_2,295628.5219477347
214,10000,5e-07,0.001,5000,pade5_3,273395.51859133935
215,10000,5e-07,0.001,5000,pade6_4,271214.2409682319
216,10000,5e-06,1e-05,50,pade4_2,397882.60289549985
217,10000,5e-06,1e-05,50,pade5_3,441835.02491352946
218,10000,5e-06,1e-05,50,pade6_4,508884.6493922207
219,10000,5e-06,1e-05,500,pade4_2,356078.3073351228
220,10000,5e-06,1e-05,500,pade5_3,392345.20564444235
221,10000,5e-06,1e-05,500,pade6_4,380846.05039446574
222,10000,5e-06,1e-05,5000,pade4_2,358731.26499383495
223,10000,5e-06,1e-05,5000,pade5_3,375786.72570967855
224,10000,5e-06,1e-05,5000,pade6_4,356905.57982084714
225,10000,5e-06,0.0001,50,pade4_2,327184.58059402654
226,10000,5e-06,0.0001,50,pade5_3,307069.7177078263
227,10000,5e-06,0.0001,50,pade6_4,307761.3013793139
228,10000,5e-06,0.0001,500,pade4_2,339788.6283395227
229,10000,5e-06,0.0001,500,pade5_3,353606.3552063713
230,10000,5e-06,0.0001,500,pade6_4,8759268.908192484
231,10000,5e-06,0.0001,5000,pade4_2,17638450793.509464
232,10000,5e-06,0.0001,5000,pade5_3,338020.9132045147
233,10000,5e-06,0.0001,5000,pade6_4,349942.82295982644
234,10000,5e-06,0.001,50,pade4_2,205091.30628787333
235,10000,5e-06,0.001,50,pade5_3,248044.94666969974
236,10000,5e-06,0.001,50,pade6_4,242914.8236360878
237,10000,5e-06,0.001,500,pade4_2,337433.70485187846
238,10000,5e-06,0.001,500,pade5_3,363320.92490542436
239,10000,5e-06,0.001,500,pade6_4,333221.07856964355
240,10000,5e-06,0.001,5000,pade4_2,324188.88501543057
241,10000,5e-06,0.001,5000,pade5_3,350074.19963678595
242,10000,5e-06,0.001,5000,pade6_4,318295.2276432212
