,Nfpts,forwardStep,forwardN,func,prediction
0,1000,1e-05,50,pade4_2,2917572061.0103145
1,1000,1e-05,50,pade5_3,263067.42390613136
2,1000,1e-05,50,pade6_4,38723003.219417
3,1000,1e-05,500,pade4_2,1107819244542.739
4,1000,1e-05,500,pade5_3,9.578495930234875e+16
5,1000,1e-05,500,pade6_4,3223557201.3645406
6,1000,1e-05,5000,pade4_2,34115225.82753485
7,1000,1e-05,5000,pade5_3,876578414.6816918
8,1000,1e-05,5000,pade6_4,4.1252463770300314e+18
9,1000,0.0001,50,pade4_2,249820.22965915376
10,1000,0.0001,50,pade5_3,140627.79714601106
11,1000,0.0001,50,pade6_4,289432.60748864117
12,1000,0.0001,500,pade4_2,276907554.21464396
13,1000,0.0001,500,pade5_3,142856.16564995213
14,1000,0.0001,500,pade6_4,152262.80591389918
15,1000,0.0001,5000,pade4_2,414225.9470420846
16,1000,0.0001,5000,pade5_3,169470586.5887211
17,1000,0.0001,5000,pade6_4,192178.18154759286
18,1000,0.001,50,pade4_2,131780.52651853923
19,1000,0.001,50,pade5_3,129489.90609226744
20,1000,0.001,50,pade6_4,128392.8032272439
21,1000,0.001,500,pade4_2,401011.6473681075
22,1000,0.001,500,pade5_3,344797.17556669645
23,1000,0.001,500,pade6_4,419288.15515078563
24,1000,0.001,5000,pade4_2,454585.45329562714
25,1000,0.001,5000,pade5_3,409382.1799210773
26,1000,0.001,5000,pade6_4,485309.3989118548
27,5000,1e-05,50,pade4_2,6507313636.469905
28,5000,1e-05,50,pade5_3,215122.80625944227
29,5000,1e-05,50,pade6_4,527017.4337994766
30,5000,1e-05,500,pade4_2,1563346.640722898
31,5000,1e-05,500,pade5_3,9588086143.341633
32,5000,1e-05,500,pade6_4,620906923154550.0
33,5000,1e-05,5000,pade4_2,50964834024.42403
34,5000,1e-05,5000,pade5_3,2112054417977550.8
35,5000,1e-05,5000,pade6_4,0.0
36,5000,0.0001,50,pade4_2,174972.54809460358
37,5000,0.0001,50,pade5_3,291575.62934669387
38,5000,0.0001,50,pade6_4,136441.14176251556
39,5000,0.0001,500,pade4_2,193883.1794398537
40,5000,0.0001,500,pade5_3,300153.1630669058
41,5000,0.0001,500,pade6_4,138393.90442878753
42,5000,0.0001,5000,pade4_2,318757.02277489763
43,5000,0.0001,5000,pade5_3,268052.62981346453
44,5000,0.0001,5000,pade6_4,138586.0171065899
45,5000,0.001,50,pade4_2,130195.24796175613
46,5000,0.001,50,pade5_3,133456.8966949337
47,5000,0.001,50,pade6_4,133503.28321286486
48,5000,0.001,500,pade4_2,338455.7358385116
49,5000,0.001,500,pade5_3,223302.62896074675
50,5000,0.001,500,pade6_4,222927.70364751772
51,5000,0.001,5000,pade4_2,401801.6228911538
52,5000,0.001,5000,pade5_3,466926.37701606454
53,5000,0.001,5000,pade6_4,278695.42098558997
54,10000,1e-05,50,pade4_2,229649.24647586117
55,10000,1e-05,50,pade5_3,334660.91788152524
56,10000,1e-05,50,pade6_4,319963.33872921206
57,10000,1e-05,500,pade4_2,209892.48739233686
58,10000,1e-05,500,pade5_3,11756821116.438654
59,10000,1e-05,500,pade6_4,646479827.5798059
60,10000,1e-05,5000,pade4_2,1138613.1761190875
61,10000,1e-05,5000,pade5_3,236076.88350172577
62,10000,1e-05,5000,pade6_4,2269654.7004288193
63,10000,0.0001,50,pade4_2,136722.86341455992
64,10000,0.0001,50,pade5_3,136722.66760568373
65,10000,0.0001,50,pade6_4,136722.746059885
66,10000,0.0001,500,pade4_2,138600.74356274272
67,10000,0.0001,500,pade5_3,138598.98129977804
68,10000,0.0001,500,pade6_4,267990.9009573044
69,10000,0.0001,5000,pade4_2,280099.6312853638
70,10000,0.0001,5000,pade5_3,367583.5646078767
71,10000,0.0001,5000,pade6_4,215534.1350416354
72,10000,0.001,50,pade4_2,131866.29059369996
73,10000,0.001,50,pade5_3,126942.59674277985
74,10000,0.001,50,pade6_4,126575.2676614639
75,10000,0.001,500,pade4_2,387714.2543710808
76,10000,0.001,500,pade5_3,340744.1853905367
77,10000,0.001,500,pade6_4,249807.0529611299
78,10000,0.001,5000,pade4_2,431025.33309019345
79,10000,0.001,5000,pade5_3,235494.22783842916
80,10000,0.001,5000,pade6_4,259719.37859007186
