,Nfpts,forwardStep,forwardN,func,prediction
0,1000,1e-05,50,pade4_2,348856080064.2813
1,1000,1e-05,50,pade5_3,147011.9301899157
2,1000,1e-05,50,pade6_4,147033.81298455814
3,1000,1e-05,500,pade4_2,5.19022295028621e+22
4,1000,1e-05,500,pade5_3,1.1748492676825944e+26
5,1000,1e-05,500,pade6_4,6655531747645.981
6,1000,1e-05,5000,pade4_2,147895.57150915905
7,1000,1e-05,5000,pade5_3,301268744.9055115
8,1000,1e-05,5000,pade6_4,326123317391.22626
9,1000,0.0001,50,pade4_2,167253.24936074816
10,1000,0.0001,50,pade5_3,140959.46527009073
11,1000,0.0001,50,pade6_4,141929.53238828105
12,1000,0.0001,500,pade4_2,157658.7346778444
13,1000,0.0001,500,pade5_3,145785.04814705387
14,1000,0.0001,500,pade6_4,141156.33604207236
15,1000,0.0001,5000,pade4_2,143029.2769500964
16,1000,0.0001,5000,pade5_3,162298.9540081933
17,1000,0.0001,5000,pade6_4,159260.48453986473
18,1000,0.001,50,pade4_2,131320.4784522724
19,1000,0.001,50,pade5_3,128447.6320264119
20,1000,0.001,50,pade6_4,128068.03863568243
21,1000,0.001,500,pade4_2,133500.54731922792
22,1000,0.001,500,pade5_3,136119.31368421917
23,1000,0.001,500,pade6_4,132264.6072897745
24,1000,0.001,5000,pade4_2,151806.2652247738
25,1000,0.001,5000,pade5_3,4694968936.043414
26,1000,0.001,5000,pade6_4,154406.71267792876
27,5000,1e-05,50,pade4_2,161822.60133064148
28,5000,1e-05,50,pade5_3,163143.24662501883
29,5000,1e-05,50,pade6_4,155896.10733056063
30,5000,1e-05,500,pade4_2,161310.17978913587
31,5000,1e-05,500,pade5_3,8.517312807925224e+34
32,5000,1e-05,500,pade6_4,158440.55053774486
33,5000,1e-05,5000,pade4_2,161379.14829370758
34,5000,1e-05,5000,pade5_3,67733031889234.45
35,5000,1e-05,5000,pade6_4,157252.12672009546
36,5000,0.0001,50,pade4_2,152458.05952047583
37,5000,0.0001,50,pade5_3,152899.5087293575
38,5000,0.0001,50,pade6_4,172687.31299284057
39,5000,0.0001,500,pade4_2,176451.4010165892
40,5000,0.0001,500,pade5_3,187044.8449542906
41,5000,0.0001,500,pade6_4,189531.63778000453
42,5000,0.0001,5000,pade4_2,154070.95234049656
43,5000,0.0001,5000,pade5_3,152891.62882273286
44,5000,0.0001,5000,pade6_4,185962.85253127044
45,5000,0.001,50,pade4_2,127416.52813282286
46,5000,0.001,50,pade5_3,127692.99812129299
47,5000,0.001,50,pade6_4,126560.501979661
48,5000,0.001,500,pade4_2,135330.73742556255
49,5000,0.001,500,pade5_3,140651.54714404236
50,5000,0.001,500,pade6_4,132710.42663390227
51,5000,0.001,5000,pade4_2,184243.5282764701
52,5000,0.001,5000,pade5_3,174782.27413512507
53,5000,0.001,5000,pade6_4,134068.17183809378
54,10000,1e-05,50,pade4_2,164860.12077215928
55,10000,1e-05,50,pade5_3,153896.59900333162
56,10000,1e-05,50,pade6_4,153896.68770771378
57,10000,1e-05,500,pade4_2,157887.20369759516
58,10000,1e-05,500,pade5_3,1.4381898269896059e+17
59,10000,1e-05,500,pade6_4,1.2385719099935842e+16
60,10000,1e-05,5000,pade4_2,1.1354255295395694e+31
61,10000,1e-05,5000,pade5_3,3162371576.046193
62,10000,1e-05,5000,pade6_4,5.859260467988999e+20
63,10000,0.0001,50,pade4_2,155499.34993833976
64,10000,0.0001,50,pade5_3,149834.9129836672
65,10000,0.0001,50,pade6_4,163753.35288954174
66,10000,0.0001,500,pade4_2,160466.20837687864
67,10000,0.0001,500,pade5_3,152129.5404006158
68,10000,0.0001,500,pade6_4,178898.72896455732
69,10000,0.0001,5000,pade4_2,188161.3546337584
70,10000,0.0001,5000,pade5_3,152542.83703771263
71,10000,0.0001,5000,pade6_4,195558.214694066
72,10000,0.001,50,pade4_2,1188224960.089179
73,10000,0.001,50,pade5_3,127568.28654889394
74,10000,0.001,50,pade6_4,128534.81517432324
75,10000,0.001,500,pade4_2,164056.8443771931
76,10000,0.001,500,pade5_3,165844.21256903766
77,10000,0.001,500,pade6_4,131718.3640280451
78,10000,0.001,5000,pade4_2,208711.70059991744
79,10000,0.001,5000,pade5_3,170269.76336315478
80,10000,0.001,5000,pade6_4,132856.45431962912
