,Nfpts,forwardStep,forwardN,func,prediction
0,1000,1e-05,50,pade4_2,144473.65048692908
1,1000,1e-05,50,pade5_3,144280.7682850736
2,1000,1e-05,50,pade6_4,144144.71409288872
3,1000,1e-05,500,pade4_2,145015.67117079656
4,1000,1e-05,500,pade5_3,144693.58322873633
5,1000,1e-05,500,pade6_4,144330.95479320537
6,1000,1e-05,5000,pade4_2,9506287827152.531
7,1000,1e-05,5000,pade5_3,144703.03750587176
8,1000,1e-05,5000,pade6_4,8891848190.61142
9,1000,0.0001,50,pade4_2,158491.3215888102
10,1000,0.0001,50,pade5_3,131236.49707795517
11,1000,0.0001,50,pade6_4,174010.1563174856
12,1000,0.0001,500,pade4_2,148187.50957314292
13,1000,0.0001,500,pade5_3,131572.42020849086
14,1000,0.0001,500,pade6_4,131585.88631442946
15,1000,0.0001,5000,pade4_2,159198.08373803025
16,1000,0.0001,5000,pade5_3,165903.6910451733
17,1000,0.0001,5000,pade6_4,161370.68855730793
18,1000,0.001,50,pade4_2,1335738814.9810855
19,1000,0.001,50,pade5_3,120542.13102621649
20,1000,0.001,50,pade6_4,122158.8411696621
21,1000,0.001,500,pade4_2,164781.31983338477
22,1000,0.001,500,pade5_3,126823.47326021646
23,1000,0.001,500,pade6_4,179839.22316923257
24,1000,0.001,5000,pade4_2,222436.90016141447
25,1000,0.001,5000,pade5_3,176111.7398682119
26,1000,0.001,5000,pade6_4,126868.95384907816
27,5000,1e-05,50,pade4_2,147178.81767723593
28,5000,1e-05,50,pade5_3,150003.21636928295
29,5000,1e-05,50,pade6_4,146898.21150804815
30,5000,1e-05,500,pade4_2,146612.78260374314
31,5000,1e-05,500,pade5_3,68443155621867.01
32,5000,1e-05,500,pade6_4,147564.52617327165
33,5000,1e-05,5000,pade4_2,147154.9901443718
34,5000,1e-05,5000,pade5_3,6862180711425.74
35,5000,1e-05,5000,pade6_4,2.4304730724146534e+17
36,5000,0.0001,50,pade4_2,161465.98207333035
37,5000,0.0001,50,pade5_3,132400.5688088079
38,5000,0.0001,50,pade6_4,150624.66269587117
39,5000,0.0001,500,pade4_2,167374.73269369022
40,5000,0.0001,500,pade5_3,177301.15413417527
41,5000,0.0001,500,pade6_4,149357.8036474581
42,5000,0.0001,5000,pade4_2,187599.71434653128
43,5000,0.0001,5000,pade5_3,165445.9183572942
44,5000,0.0001,5000,pade6_4,166744.60842306743
45,5000,0.001,50,pade4_2,124398.3157631112
46,5000,0.001,50,pade5_3,125463.72025537222
47,5000,0.001,50,pade6_4,123534.47143853034
48,5000,0.001,500,pade4_2,179073.40961627229
49,5000,0.001,500,pade5_3,130269.27452793691
50,5000,0.001,500,pade6_4,130304.36208198681
51,5000,0.001,5000,pade4_2,178822.7971825366
52,5000,0.001,5000,pade5_3,130958.45116883157
53,5000,0.001,5000,pade6_4,130856.30679736746
54,10000,1e-05,50,pade4_2,150102.88611074473
55,10000,1e-05,50,pade5_3,150142.7591741463
56,10000,1e-05,50,pade6_4,150184.53936798015
57,10000,1e-05,500,pade4_2,7762021823514130.0
58,10000,1e-05,500,pade5_3,16354052127320.613
59,10000,1e-05,500,pade6_4,1.4823309796674683e+20
60,10000,1e-05,5000,pade4_2,63143168573606.766
61,10000,1e-05,5000,pade5_3,1.0205241853120875e+23
62,10000,1e-05,5000,pade6_4,4083919979865.138
63,10000,0.0001,50,pade4_2,171681.96145976486
64,10000,0.0001,50,pade5_3,183201.91003883485
65,10000,0.0001,50,pade6_4,151125.6700400706
66,10000,0.0001,500,pade4_2,153911.3754781702
67,10000,0.0001,500,pade5_3,212262.44467830003
68,10000,0.0001,500,pade6_4,152468.4447698489
69,10000,0.0001,5000,pade4_2,152545.3203352074
70,10000,0.0001,5000,pade5_3,180220.63481028305
71,10000,0.0001,5000,pade6_4,168854.95724123303
72,10000,0.001,50,pade4_2,125790.12352927808
73,10000,0.001,50,pade5_3,128054.48683654102
74,10000,0.001,50,pade6_4,128035.33164621674
75,10000,0.001,500,pade4_2,164726.44203724078
76,10000,0.001,500,pade5_3,182577.95698767624
77,10000,0.001,500,pade6_4,174785.84014832237
78,10000,0.001,5000,pade4_2,203943.24611316647
79,10000,0.001,5000,pade5_3,214871.2485758791
80,10000,0.001,5000,pade6_4,131522.823230956
