,Nfpts,forwardStep,forwardN,func,prediction
0,1000,1e-05,50,pade4_2,125660.6420087468
1,1000,1e-05,50,pade5_3,125447.46677823858
2,1000,1e-05,50,pade6_4,126959.74495967271
3,1000,1e-05,500,pade4_2,187140.9806724028
4,1000,1e-05,500,pade5_3,125406.80195602847
5,1000,1e-05,500,pade6_4,187073.51110286423
6,1000,1e-05,5000,pade4_2,125735.35562322981
7,1000,1e-05,5000,pade5_3,125563.19863397666
8,1000,1e-05,5000,pade6_4,183252.0644831726
9,1000,0.0001,50,pade4_2,146120.2364093937
10,1000,0.0001,50,pade5_3,139880.9539171169
11,1000,0.0001,50,pade6_4,230066.4924456923
12,1000,0.0001,500,pade4_2,154156.2989754377
13,1000,0.0001,500,pade5_3,159796.98012580848
14,1000,0.0001,500,pade6_4,166425.42441835374
15,1000,0.0001,5000,pade4_2,152177.8410576772
16,1000,0.0001,5000,pade5_3,170594.46017792562
17,1000,0.0001,5000,pade6_4,228671.18277119639
18,1000,0.001,50,pade4_2,109586.32290998596
19,1000,0.001,50,pade5_3,109776.66600052585
20,1000,0.001,50,pade6_4,101149.04054066824
21,1000,0.001,500,pade4_2,145725.88270981124
22,1000,0.001,500,pade5_3,141873.32394862335
23,1000,0.001,500,pade6_4,140324.43809016078
24,1000,0.001,5000,pade4_2,145569.1659842768
25,1000,0.001,5000,pade5_3,143736.65699131685
26,1000,0.001,5000,pade6_4,104983.12988377313
27,5000,1e-05,50,pade4_2,139631.6753619838
28,5000,1e-05,50,pade5_3,170683.87488144662
29,5000,1e-05,50,pade6_4,707550.6016524292
30,5000,1e-05,500,pade4_2,139593.71281679883
31,5000,1e-05,500,pade5_3,301045.2477791849
32,5000,1e-05,500,pade6_4,2134506.4122838844
33,5000,1e-05,5000,pade4_2,139012.4106056892
34,5000,1e-05,5000,pade5_3,535064.0582384907
35,5000,1e-05,5000,pade6_4,142889.18139996094
36,5000,0.0001,50,pade4_2,290718.01062451047
37,5000,0.0001,50,pade5_3,359889.435379156
38,5000,0.0001,50,pade6_4,242346992.0161104
39,5000,0.0001,500,pade4_2,162667014.81238762
40,5000,0.0001,500,pade5_3,9.161428860686593e+20
41,5000,0.0001,500,pade6_4,478466.3061595929
42,5000,0.0001,5000,pade4_2,300024.19434445724
43,5000,0.0001,5000,pade5_3,307397.4528965421
44,5000,0.0001,5000,pade6_4,293311.17844747857
45,5000,0.001,50,pade4_2,164183.13593390211
46,5000,0.001,50,pade5_3,104868.43058959223
47,5000,0.001,50,pade6_4,96541.21221455149
48,5000,0.001,500,pade4_2,317556.31175622245
49,5000,0.001,500,pade5_3,100708.26446909315
50,5000,0.001,500,pade6_4,335703.89682112116
51,5000,0.001,5000,pade4_2,338703.924336931
52,5000,0.001,5000,pade5_3,101336.14164223065
53,5000,0.001,5000,pade6_4,233284.7769250059
54,10000,1e-05,50,pade4_2,149061.29074756347
55,10000,1e-05,50,pade5_3,142306.56687955293
56,10000,1e-05,50,pade6_4,321951.07940029097
57,10000,1e-05,500,pade4_2,313488.1752466155
58,10000,1e-05,500,pade5_3,205562.8241741589
59,10000,1e-05,500,pade6_4,142335.54531199526
60,10000,1e-05,5000,pade4_2,139335.08128350397
61,10000,1e-05,5000,pade5_3,301562.8003195406
62,10000,1e-05,5000,pade6_4,312379.4828054
63,10000,0.0001,50,pade4_2,236192.93560178764
64,10000,0.0001,50,pade5_3,518333.30070541817
65,10000,0.0001,50,pade6_4,228428.23137278797
66,10000,0.0001,500,pade4_2,85196225.8904149
67,10000,0.0001,500,pade5_3,274078.2652561493
68,10000,0.0001,500,pade6_4,321296.12722641707
69,10000,0.0001,5000,pade4_2,1114524.2098551919
70,10000,0.0001,5000,pade5_3,229666.46119504792
71,10000,0.0001,5000,pade6_4,299701.63926872105
72,10000,0.001,50,pade4_2,181981.37621320444
73,10000,0.001,50,pade5_3,107840.50977245087
74,10000,0.001,50,pade6_4,97704.24374580255
75,10000,0.001,500,pade4_2,213586.64495037124
76,10000,0.001,500,pade5_3,217200.91547386092
77,10000,0.001,500,pade6_4,211284.7023255018
78,10000,0.001,5000,pade4_2,221779.4846186174
79,10000,0.001,5000,pade5_3,220190.08474033928
80,10000,0.001,5000,pade6_4,219981.90147223708
