,Nfpts,forwardStep,forwardN,func,prediction
0,1000,1e-05,50,pade4_2,103320.44231081074
1,1000,1e-05,50,pade5_3,103321.29247070347
2,1000,1e-05,50,pade6_4,103321.64950350636
3,1000,1e-05,500,pade4_2,103326.17762560314
4,1000,1e-05,500,pade5_3,103326.2400349891
5,1000,1e-05,500,pade6_4,103326.1741485157
6,1000,1e-05,5000,pade4_2,104176.31404846738
7,1000,1e-05,5000,pade5_3,103326.60704689444
8,1000,1e-05,5000,pade6_4,103326.39289614643
9,1000,0.0001,50,pade4_2,104373.96730195801
10,1000,0.0001,50,pade5_3,104072.34839290145
11,1000,0.0001,50,pade6_4,101066.73387784245
12,1000,0.0001,500,pade4_2,104387.85850307782
13,1000,0.0001,500,pade5_3,104253.75344442413
14,1000,0.0001,500,pade6_4,101238.0363102393
15,1000,0.0001,5000,pade4_2,104148.28908214264
16,1000,0.0001,5000,pade5_3,104302.44974883886
17,1000,0.0001,5000,pade6_4,103430.5479119745
18,1000,0.001,50,pade4_2,102285.01102289956
19,1000,0.001,50,pade5_3,104742.55297274924
20,1000,0.001,50,pade6_4,104675.92503624875
21,1000,0.001,500,pade4_2,105073.81567288355
22,1000,0.001,500,pade5_3,105081.95490248964
23,1000,0.001,500,pade6_4,103252.41994283264
24,1000,0.001,5000,pade4_2,105045.91238078842
25,1000,0.001,5000,pade5_3,104996.99854218283
26,1000,0.001,5000,pade6_4,99763.39959523805
27,5000,1e-05,50,pade4_2,110162.25353892194
28,5000,1e-05,50,pade5_3,111315.73615347799
29,5000,1e-05,50,pade6_4,140356.1468715876
30,5000,1e-05,500,pade4_2,181293.83004525193
31,5000,1e-05,500,pade5_3,121956.60964444249
32,5000,1e-05,500,pade6_4,110537.21112783349
33,5000,1e-05,5000,pade4_2,192651.04176867264
34,5000,1e-05,5000,pade5_3,154911.12259448334
35,5000,1e-05,5000,pade6_4,166441.84821225348
36,5000,0.0001,50,pade4_2,140060.98398542588
37,5000,0.0001,50,pade5_3,1765223.0691138383
38,5000,0.0001,50,pade6_4,2210816.2691458906
39,5000,0.0001,500,pade4_2,130149.42283276939
40,5000,0.0001,500,pade5_3,8303839.344194343
41,5000,0.0001,500,pade6_4,22894468.91250129
42,5000,0.0001,5000,pade4_2,139507.79912755857
43,5000,0.0001,5000,pade5_3,22478401.979051046
44,5000,0.0001,5000,pade6_4,132088.9073010843
45,5000,0.001,50,pade4_2,95578.14555928692
46,5000,0.001,50,pade5_3,148602.89409793023
47,5000,0.001,50,pade6_4,189540.94195914955
48,5000,0.001,500,pade4_2,171419.05994758033
49,5000,0.001,500,pade5_3,154519.9485028568
50,5000,0.001,500,pade6_4,95600.82348306966
51,5000,0.001,5000,pade4_2,195666.2479776418
52,5000,0.001,5000,pade5_3,157786.38436643506
53,5000,0.001,5000,pade6_4,153039.15338509268
54,10000,1e-05,50,pade4_2,110892.39940643689
55,10000,1e-05,50,pade5_3,141768.75687835747
56,10000,1e-05,50,pade6_4,111733.0058750999
57,10000,1e-05,500,pade4_2,111838.0782715079
58,10000,1e-05,500,pade5_3,111705.22671313181
59,10000,1e-05,500,pade6_4,127068.8030407688
60,10000,1e-05,5000,pade4_2,112034.2044161337
61,10000,1e-05,5000,pade5_3,112383.95839642416
62,10000,1e-05,5000,pade6_4,141701.43657030768
63,10000,0.0001,50,pade4_2,133399.08811898966
64,10000,0.0001,50,pade5_3,3233937.711981993
65,10000,0.0001,50,pade6_4,1863703.4723026645
66,10000,0.0001,500,pade4_2,3522592.6120753903
67,10000,0.0001,500,pade5_3,3223753.074190627
68,10000,0.0001,500,pade6_4,128353.07653819815
69,10000,0.0001,5000,pade4_2,139499.20851105292
70,10000,0.0001,5000,pade5_3,128326.34851692274
71,10000,0.0001,5000,pade6_4,5398003.881802646
72,10000,0.001,50,pade4_2,101500.87707631348
73,10000,0.001,50,pade5_3,102007.74235983197
74,10000,0.001,50,pade6_4,111767.83362054438
75,10000,0.001,500,pade4_2,157987.54074573496
76,10000,0.001,500,pade5_3,141311.93907721344
77,10000,0.001,500,pade6_4,96631.34379071926
78,10000,0.001,5000,pade4_2,153303.93447760993
79,10000,0.001,5000,pade5_3,145785.19231031224
80,10000,0.001,5000,pade6_4,144174.62242954047
